0 0.8453125 0.7125 0.8484375 0.7140625 0.8515625 0.7203125 0.8546875 0.740625 0.85625 0.8078125 0.853125 0.8109375 0.83125 0.8109375 0.83125 0.7703125 0.8265625 0.7484375 0.8265625 0.7296875 0.83125 0.7171875 0.8359375 0.7125 0.84375 0.7125
0 0.65 0.465625 0.6625 0.478125 0.665625 0.4875 0.665625 0.5015625 0.6578125 0.5203125 0.646875 0.5609375 0.6359375 0.5859375 0.628125 0.5859375 0.6171875 0.5734375 0.615625 0.55625 0.628125 0.5203125 0.63125 0.5046875 0.6390625 0.4859375 0.640625 0.475 0.64375 0.46875 0.6484375 0.465625
0 0.9609375 0.7 0.96875 0.70625 0.971875 0.7125 0.975 0.740625 0.9765625 0.8171875 0.975 0.8234375 0.96875 0.8296875 0.9578125 0.8296875 0.9515625 0.8234375 0.9453125 0.76875 0.9453125 0.709375 0.95 0.7015625 0.959375 0.7
0 0.865625 0.075 0.878125 0.06875 0.8828125 0.06875 0.8875 0.075 0.890625 0.1 0.890625 0.1359375 0.8921875 0.1375 0.890625 0.178125 0.8828125 0.184375 0.871875 0.184375 0.8703125 0.18125 0.865625 0.1453125 0.865625 0.0953125 0.8640625 0.09375 0.865625 0.0765625
0 0.425 0.0125 0.4296875 0.01875 0.4328125 0.0328125 0.4328125 0.0515625 0.43125 0.053125 0.4328125 0.1046875 0.4296875 0.1109375 0.4171875 0.1109375 0.4125 0.1078125 0.4109375 0.103125 0.4109375 0.0828125 0.4125 0.08125 0.4109375 0.0265625 0.4140625 0.0171875 0.4234375 0.0125
0 0.925 0.7109375 0.93125 0.7171875 0.9328125 0.75625 0.934375 0.7578125 0.9328125 0.76875 0.934375 0.821875 0.925 0.8328125 0.915625 0.8328125 0.9078125 0.825 0.9046875 0.7984375 0.90625 0.7125 0.9109375 0.709375 0.9234375 0.7109375
0 0.5859375 0.9984375 0.584375 0.925 0.5875 0.9171875 0.5921875 0.9125 0.6 0.9125 0.603125 0.915625 0.6078125 0.9296875 0.6078125 0.996875 0.60625 0.9984375 0.5875 0.9984375
0 0.8046875 0.7265625 0.8125 0.734375 0.815625 0.7484375 0.815625 0.7734375 0.8171875 0.775 0.815625 0.8203125 0.8140625 0.8234375 0.8078125 0.825 0.796875 0.8234375 0.790625 0.796875 0.7890625 0.7375 0.796875 0.728125 0.803125 0.7265625
0 0.4609375 0.6453125 0.46875 0.65 0.46875 0.6765625 0.4703125 0.678125 0.46875 0.7453125 0.465625 0.753125 0.4609375 0.75625 0.4546875 0.75625 0.4484375 0.7515625 0.4484375 0.73125 0.446875 0.7296875 0.446875 0.6546875 0.4515625 0.646875 0.459375 0.6453125
0 0.8765625 0.5 0.8921875 0.4953125 0.925 0.49375 0.9296875 0.4953125 0.9359375 0.503125 0.9359375 0.534375 0.93125 0.540625 0.9234375 0.54375 0.909375 0.5453125 0.8828125 0.5453125 0.8765625 0.5421875 0.8734375 0.5328125 0.8734375 0.50625 0.8765625 0.5015625
0 0.728125 0.525 0.7296875 0.5234375 0.7296875 0.5078125 0.7375 0.5015625 0.7484375 0.5 0.7828125 0.5015625 0.7890625 0.5171875 0.7890625 0.534375 0.7828125 0.546875 0.7765625 0.5484375 0.7359375 0.546875 0.7296875 0.540625 0.7296875 0.5265625
0 0.46875 0.2625 0.025 0.1140625
0 0.99375 0.715625 0.9984375 0.715625 0.9984375 0.8296875 0.9921875 0.8234375 0.9921875 0.8078125 0.990625 0.80625 0.990625 0.725 0.99375 0.7171875
0 0.2921875 0.5078125 0.2984375 0.5140625 0.2984375 0.53125 0.3 0.5328125 0.2984375 0.5421875 0.2921875 0.5484375 0.25 0.5484375 0.2484375 0.5390625 0.25 0.5375 0.25 0.5203125 0.253125 0.515625 0.275 0.5125 0.2828125 0.5078125 0.290625 0.5078125
0 0.95625 0.5 0.9671875 0.496875 0.9984375 0.4953125 0.9984375 0.540625 0.9953125 0.5421875 0.9890625 0.540625 0.9640625 0.5421875 0.95625 0.5390625 0.953125 0.5296875 0.953125 0.509375 0.95625 0.5015625
0 0.8875 0.7171875 0.89375 0.7234375 0.8984375 0.75 0.8984375 0.815625 0.896875 0.8234375 0.8890625 0.8296875 0.878125 0.828125 0.871875 0.8203125 0.8703125 0.7796875 0.86875 0.778125 0.86875 0.728125 0.8765625 0.71875 0.8859375 0.7171875
0 0.7671875 0.35234375 0.04765625 0.0484375
0 0.8421875 0.4984375 0.8515625 0.5 0.8546875 0.5046875 0.8546875 0.5359375 0.8484375 0.5421875 0.8296875 0.5421875 0.828125 0.54375 0.8 0.54375 0.7953125 0.540625 0.79375 0.5078125 0.7953125 0.503125 0.8 0.5 0.8375 0.5 0.840625 0.4984375