3 0.5421875 0.4625 0.5484375 0.459375 0.55625 0.459375 0.5609375 0.4625 0.5625 0.4671875 0.5625 0.571875 0.5609375 0.5734375 0.5421875 0.5734375 0.540625 0.5609375 0.540625 0.4703125 0.5421875 0.4640625
0 0.603125 0.9359375 0.6078125 0.9421875 0.609375 0.95 0.6109375 0.9984375 0.5875 0.9984375 0.5859375 0.9953125 0.5859375 0.965625 0.584375 0.9640625 0.5859375 0.9453125 0.5921875 0.934375 0.6015625 0.9359375
0 0.8828125 0.7203125 0.8875 0.721875 0.8921875 0.7296875 0.896875 0.775 0.8953125 0.778125 0.896875 0.78125 0.8953125 0.815625 0.890625 0.8296875 0.8859375 0.8328125 0.8765625 0.83125 0.8703125 0.8234375 0.8671875 0.809375 0.865625 0.73125 0.86875 0.725 0.88125 0.721875
0 0.9578125 0.76796875 0.03359375 0.13046875
0 0.7515625 0.5046875 0.753125 0.50625 0.775 0.5046875 0.7828125 0.509375 0.7859375 0.5171875 0.7859375 0.540625 0.7828125 0.5484375 0.7734375 0.5515625 0.746875 0.5515625 0.728125 0.546875 0.7265625 0.5125 0.734375 0.50625 0.75 0.50625
0 0.8765625 0.13203125 0.02890625 0.11640625
0 0.9171875 0.77265625 0.03125 0.1234375
0 0.8046875 0.73125 0.8109375 0.7390625 0.8109375 0.7484375 0.8140625 0.759375 0.8140625 0.8140625 0.8125 0.8234375 0.809375 0.8265625 0.7984375 0.8265625 0.79375 0.8234375 0.7890625 0.7859375 0.7875 0.7390625 0.7921875 0.7328125 0.803125 0.73125
0 0.928125 0.5 0.9328125 0.509375 0.9328125 0.5359375 0.928125 0.5453125 0.9171875 0.5484375 0.8765625 0.5484375 0.8703125 0.5359375 0.8703125 0.5140625 0.8734375 0.5046875 0.8796875 0.5 0.915625 0.5 0.9171875 0.4984375 0.9265625 0.5
0 0.99375 0.775 0.01328125 0.11640625
0 0.29375 0.5125 0.2984375 0.521875 0.296875 0.5484375 0.25625 0.55 0.2546875 0.5515625 0.2515625 0.55 0.253125 0.521875 0.2578125 0.51875 0.271875 0.5171875 0.278125 0.5125 0.2921875 0.5125
0 0.9984375 0.5 0.9984375 0.51875 0.996875 0.5203125 0.9984375 0.546875 0.959375 0.546875 0.953125 0.54375 0.95 0.5359375 0.95 0.5125 0.9515625 0.50625 0.95625 0.5015625 0.9921875 0.5 0.99375 0.4984375 0.996875 0.5
0 0.7828125 0.334375 0.7828125 0.365625 0.7890625 0.3765625 0.7625 0.3796875 0.75 0.3796875 0.7453125 0.378125 0.7421875 0.3734375 0.74375 0.3375 0.759375 0.3328125 0.78125 0.334375
0 0.8453125 0.715625 0.8484375 0.7171875 0.8515625 0.7296875 0.853125 0.809375 0.8484375 0.8140625 0.834375 0.8140625 0.83125 0.81875 0.828125 0.8109375 0.828125 0.7875 0.8296875 0.7859375 0.828125 0.784375 0.828125 0.7640625 0.825 0.753125 0.825 0.734375 0.828125 0.7234375 0.8359375 0.715625 0.84375 0.715625
0 0.846875 0.503125 0.8515625 0.5078125 0.8515625 0.540625 0.8453125 0.546875 0.8296875 0.546875 0.828125 0.5484375 0.803125 0.5484375 0.7953125 0.546875 0.7921875 0.54375 0.790625 0.5359375 0.7921875 0.5078125 0.8015625 0.503125 0.83125 0.503125 0.8328125 0.5015625 0.8453125 0.503125