0 0.1328125 0.4140625 0.134375 0.415625 0.1328125 0.434375 0.14375 0.4484375 0.14375 0.45625 0.1390625 0.459375 0.1171875 0.4578125 0.0984375 0.4390625 0.0890625 0.4453125 0.0859375 0.4421875 0.0859375 0.4265625 0.0921875 0.4140625 0.096875 0.4125 0.1296875 0.4125 0.13125 0.4140625
0 0.9625 0.7 0.9703125 0.715625 0.9734375 0.7828125 0.975 0.784375 0.9734375 0.81875 0.971875 0.8234375 0.9640625 0.828125 0.953125 0.8265625 0.946875 0.8171875 0.946875 0.8 0.94375 0.7875 0.94375 0.7328125 0.9421875 0.73125 0.9421875 0.7125 0.9453125 0.7015625 0.9609375 0.7
0 0.878125 0.06875 0.8859375 0.078125 0.8875 0.1265625 0.8890625 0.128125 0.8890625 0.1734375 0.88125 0.1828125 0.8734375 0.184375 0.86875 0.1828125 0.8671875 0.1796875 0.8640625 0.1640625 0.8625 0.0765625 0.8671875 0.071875 0.8765625 0.06875
0 0.90625 0.709375 0.9203125 0.7078125 0.925 0.709375 0.9296875 0.7171875 0.93125 0.7984375 0.9328125 0.8 0.93125 0.8015625 0.93125 0.8203125 0.925 0.828125 0.9140625 0.8296875 0.90625 0.821875 0.903125 0.7984375 0.903125 0.715625 0.90625 0.7109375
0 0.9984375 0.49375 0.9984375 0.540625 0.9609375 0.540625 0.9515625 0.534375 0.953125 0.5 0.9703125 0.4953125 0.996875 0.49375
0 0.8078125 0.728125 0.8125 0.740625 0.815625 0.7703125 0.8140625 0.8140625 0.8109375 0.821875 0.8078125 0.8234375 0.796875 0.8234375 0.79375 0.8203125 0.7890625 0.796875 0.7890625 0.75 0.7875 0.7484375 0.7875 0.7390625 0.790625 0.7296875 0.7984375 0.725 0.80625 0.728125
0 0.2921875 0.5078125 0.296875 0.5125 0.2984375 0.534375 0.2953125 0.54375 0.290625 0.5484375 0.2671875 0.5484375 0.265625 0.546875 0.25 0.5484375 0.2484375 0.54375 0.2515625 0.515625 0.2734375 0.5125 0.2828125 0.5078125 0.290625 0.5078125
0 0.23125 0.45 0.240625 0.453125 0.2421875 0.45625 0.2421875 0.459375 0.2359375 0.4640625 0.2203125 0.4625 0.215625 0.4640625 0.2140625 0.4625 0.1890625 0.465625 0.1859375 0.4625 0.1921875 0.4546875 0.1953125 0.4390625 0.2046875 0.425 0.225 0.425 0.228125 0.4359375 0.2265625 0.446875 0.2296875 0.45
0 0.9234375 0.4921875 0.928125 0.49375 0.9328125 0.503125 0.934375 0.5234375 0.93125 0.5359375 0.925 0.540625 0.896875 0.54375 0.8828125 0.54375 0.8734375 0.5390625 0.8703125 0.528125 0.871875 0.503125 0.8796875 0.4953125 0.921875 0.4921875
0 0.9921875 0.7125 0.9984375 0.7125 0.9984375 0.828125 0.990625 0.8234375 0.9890625 0.78125 0.9875 0.7796875 0.9875 0.7265625 0.9921875 0.7140625
0 0.4359375 0.325 0.440625 0.334375 0.440625 0.425 0.4390625 0.4359375 0.434375 0.4390625 0.425 0.4390625 0.41875 0.434375 0.41875 0.4140625 0.4171875 0.4125 0.4171875 0.3375 0.421875 0.325 0.425 0.3234375 0.434375 0.325
0 0.953125 0.4671875 0.95 0.4578125 0.95 0.4390625 0.953125 0.4296875 0.9609375 0.425 0.996875 0.425 0.9984375 0.4265625 0.9984375 0.4734375 0.9640625 0.471875 0.9546875 0.4671875
0 0.8828125 0.715625 0.8875 0.7171875 0.8921875 0.725 0.896875 0.7625 0.8953125 0.815625 0.89375 0.821875 0.8859375 0.8265625 0.8765625 0.8265625 0.871875 0.8234375 0.86875 0.8140625 0.8671875 0.7453125 0.865625 0.74375 0.865625 0.7265625 0.871875 0.71875 0.88125 0.715625
0 0.778125 0.5 0.7828125 0.5046875 0.7859375 0.5125 0.7859375 0.5359375 0.7828125 0.54375 0.76875 0.5484375 0.7390625 0.546875 0.73125 0.54375 0.7265625 0.5359375 0.7265625 0.5109375 0.7296875 0.503125 0.7375 0.5 0.7765625 0.5
0 0.84375 0.7109375 0.8484375 0.7140625 0.8515625 0.725 0.8546875 0.809375 0.8515625 0.8296875 0.8484375 0.8359375 0.8421875 0.8375 0.8359375 0.8359375 0.83125 0.825 0.828125 0.765625 0.8234375 0.740625 0.8234375 0.7328125 0.8296875 0.7125 0.8421875 0.7109375
0 0.7859375 0.3265625 0.7859375 0.3328125 0.7828125 0.3375 0.7828125 0.3609375 0.7890625 0.3703125 0.7859375 0.3734375 0.7453125 0.3734375 0.7421875 0.36875 0.740625 0.35625 0.7421875 0.3375 0.7453125 0.3328125 0.7703125 0.3265625 0.784375 0.3265625
0 0.86953125 0.421875 0.0578125 0.04609375
0 0.85 0.5 0.8515625 0.5015625 0.8515625 0.5359375 0.85 0.5390625 0.8171875 0.5421875 0.8 0.5421875 0.79375 0.5390625 0.790625 0.51875 0.79375 0.5015625 0.8078125 0.4984375 0.8328125 0.4984375 0.834375 0.496875 0.8421875 0.496875 0.8484375 0.5