3 0.4390625 0.8421875 0.4546875 0.85 0.4796875 0.8515625 0.515625 0.8703125 0.5203125 0.875 0.5078125 0.8875 0.5078125 0.90625 0.509375 0.9109375 0.5265625 0.925 0.528125 0.9515625 0.525 0.971875 0.509375 0.9875 0.509375 0.990625 0.5046875 0.9953125 0.4828125 0.9984375 0.4328125 0.996875 0.43125 0.990625 0.4265625 0.9859375 0.3984375 0.9734375 0.390625 0.9671875 0.384375 0.9671875 0.375 0.9734375 0.3625 0.975 0.359375 0.9734375 0.3546875 0.9609375 0.353125 0.9375 0.3453125 0.9265625 0.3484375 0.89375 0.3734375 0.875 0.378125 0.875 0.384375 0.86875 0.3859375 0.8640625 0.4015625 0.85 0.4171875 0.84375 0.4375 0.8421875
3 0.8875 0.875 0.8984375 0.875 0.90625 0.878125 0.940625 0.8828125 0.9578125 0.8875 0.9765625 0.8875 0.9984375 0.8921875 0.9984375 0.996875 0.9953125 0.9984375 0.9609375 0.9984375 0.959375 0.996875 0.9578125 0.9984375 0.9546875 0.996875 0.8859375 0.9984375 0.8859375 0.96875 0.8875 0.9671875 0.8859375 0.9609375 0.8875 0.959375 0.8859375 0.8859375 0.8875 0.8765625
3 0.0109375 0.075 0.015625 0.071875 0.0203125 0.071875 0.03125 0.075 0.040625 0.0828125 0.053125 0.0859375 0.059375 0.0859375 0.0640625 0.08125 0.0859375 0.08125 0.09375 0.0875 0.1015625 0.084375 0.115625 0.0875 0.11875 0.0921875 0.11875 0.1109375 0.1171875 0.115625 0.1140625 0.1171875 0.0109375 0.1140625 0.0078125 0.1 0.009375 0.0921875 0.0078125 0.0875 0.0109375 0.0765625
3 0.66875 0.246875 0.6796875 0.25 0.6828125 0.2546875 0.6828125 0.3046875 0.665625 0.309375 0.6609375 0.309375 0.6578125 0.2984375 0.6578125 0.253125 0.659375 0.2484375 0.6671875 0.246875
3 0.7421875 0.9203125 0.7453125 0.928125 0.7453125 0.946875 0.7484375 0.9578125 0.7484375 0.9671875 0.7515625 0.9703125 0.7765625 0.9703125 0.8078125 0.978125 0.8140625 0.9953125 0.809375 0.9984375 0.7265625 0.9984375 0.725 0.996875 0.7171875 0.9984375 0.6234375 0.9984375 0.615625 0.9953125 0.6140625 0.9921875 0.615625 0.990625 0.6203125 0.9921875 0.634375 0.9875 0.6421875 0.9765625 0.6515625 0.96875 0.6828125 0.953125 0.7 0.9375 0.721875 0.9265625 0.73125 0.925 0.740625 0.9203125
3 0.49375 0.246875 0.02109375 0.040625
3 0.78125 0.9703125 0.809375 0.978125 0.8125 0.9984375 0.625 0.9984375 0.6140625 0.9953125 0.6125 0.9921875 0.6140625 0.9890625 0.6171875 0.9890625 0.61875 0.9921875 0.621875 0.990625 0.6265625 0.9921875 0.63125 0.9875 0.634375 0.9875 0.6421875 0.9765625 0.659375 0.9625 0.6796875 0.9546875 0.696875 0.9390625 0.7203125 0.9265625 0.7296875 0.925 0.7375 0.9203125 0.7421875 0.9203125 0.7453125 0.9265625 0.7453125 0.94375 0.75 0.96875 0.7515625 0.9703125 0.7796875 0.9703125
1 0.74296875 0.63671875 0.015625 0.059375
1 0.3796875 0.5140625 0.3859375 0.5171875 0.3875 0.5234375 0.3859375 0.525 0.3875 0.540625 0.3859375 0.55 0.3828125 0.553125 0.378125 0.5359375 0.378125 0.5171875 0.3796875 0.515625
1 0.4390625 0.36875 0.440625 0.3796875 0.4375 0.3921875 0.434375 0.390625 0.434375 0.3703125 0.4375 0.36875
1 0.2734375 0.4375 0.2703125 0.421875 0.271875 0.4109375 0.275 0.409375 0.278125 0.4125 0.278125 0.4328125 0.275 0.4359375
1 0.7296875 0.3890625 0.73125 0.390625 0.73125 0.4140625 0.7296875 0.415625 0.7265625 0.415625 0.7234375 0.409375 0.7234375 0.3953125 0.725 0.390625 0.728125 0.3890625
1 0.709375 0.5203125 0.703125 0.5109375 0.703125 0.4890625 0.70625 0.4859375 0.7125 0.4875 0.7125 0.5171875 0.7109375 0.51875
0 0.5953125 0.2171875 0.5984375 0.2203125 0.6 0.228125 0.5984375 0.23125 0.5921875 0.234375 0.5890625 0.2296875 0.5890625 0.221875 0.59375 0.2171875
0 0.53515625 0.190625 0.0078125 0.0125
0 0.51875 0.2375 0.525 0.2375 0.528125 0.246875 0.5265625 0.259375 0.51875 0.2609375 0.5171875 0.259375 0.5171875 0.240625 0.51875 0.2390625
0 0.5421875 0.240625 0.55 0.2421875 0.55 0.2609375 0.5453125 0.2640625 0.5390625 0.2625 0.5390625 0.246875 0.5421875 0.2421875
0 0.703125 0.33125 0.709375 0.3375 0.7140625 0.3515625 0.7140625 0.3734375 0.7125 0.375 0.6890625 0.371875 0.6890625 0.353125 0.6921875 0.334375 0.6953125 0.3296875 0.7015625 0.33125
0 0.52734375 0.209375 0.0078125 0.01796875
0 0.2359375 0.1 0.2421875 0.10625 0.2421875 0.1125 0.23125 0.1140625 0.21875 0.1125 0.21875 0.1078125 0.2234375 0.1015625 0.234375 0.1
0 0.55 0.2890625 0.015625 0.03046875
0 0.3515625 0.6296875 0.359375 0.6265625 0.3796875 0.6265625 0.384375 0.628125 0.3984375 0.6453125 0.396875 0.65 0.3984375 0.696875 0.3921875 0.7125 0.390625 0.7265625 0.3890625 0.728125 0.353125 0.7265625 0.340625 0.73125 0.3375 0.725 0.3375 0.6796875 0.34375 0.646875 0.3515625 0.63125
0 0.5421875 0.225 0.55 0.2234375 0.5515625 0.2265625 0.55 0.2375 0.5421875 0.2375 0.5421875 0.2265625
0 0.53125 0.21875 0.5359375 0.2265625 0.534375 0.2359375 0.5234375 0.234375 0.525 0.221875 0.5296875 0.21875
0 0.5328125 0.2046875 0.5390625 0.2046875 0.540625 0.2078125 0.540625 0.21875 0.5375 0.221875 0.53125 0.2171875 0.5328125 0.20625
0 0.6375 0.2375 0.6453125 0.2375 0.6484375 0.24375 0.646875 0.253125 0.640625 0.25625 0.6359375 0.2515625 0.6375 0.2390625
0 0.709375 0.2796875 0.7140625 0.2890625 0.715625 0.3 0.715625 0.30625 0.7125 0.309375 0.6984375 0.3078125 0.696875 0.3046875 0.6984375 0.2859375 0.703125 0.2796875 0.7078125 0.2796875
0 0.596875 0.2953125 0.5953125 0.28125 0.6 0.26875 0.609375 0.2703125 0.6125 0.29375 0.609375 0.296875 0.5984375 0.2953125
0 0.6109375 0.4203125 0.609375 0.4171875 0.609375 0.375 0.6140625 0.365625 0.628125 0.365625 0.6375 0.3796875 0.6359375 0.3875 0.6375 0.41875 0.6359375 0.421875 0.63125 0.421875 0.6265625 0.41875 0.6125 0.4203125
0 0.64375 0.290625 0.646875 0.2921875 0.653125 0.3046875 0.6546875 0.315625 0.653125 0.325 0.6375 0.325 0.634375 0.321875 0.634375 0.3 0.6375 0.29375 0.6421875 0.290625
0 0.6203125 0.246875 0.625 0.2546875 0.6203125 0.265625 0.6203125 0.2734375 0.615625 0.2734375 0.6140625 0.26875 0.615625 0.2484375 0.61875 0.246875
0 0.625 0.2546875 0.628125 0.2546875 0.634375 0.2625 0.634375 0.2796875 0.6296875 0.2828125 0.6234375 0.28125 0.6203125 0.275 0.6203125 0.2640625 0.625 0.25625