3 0.6703125 0.24375 0.6796875 0.253125 0.6796875 0.2984375 0.6734375 0.303125 0.66875 0.3015625 0.659375 0.303125 0.6546875 0.290625 0.65625 0.2453125 0.659375 0.2421875 0.66875 0.24375
3 0.0734375 0.075 0.078125 0.0796875 0.084375 0.078125 0.0890625 0.0796875 0.096875 0.0875 0.1265625 0.0875 0.134375 0.08125 0.1515625 0.08125 0.1578125 0.0875 0.1734375 0.090625 0.1828125 0.096875 0.184375 0.1125 0.18125 0.11875 0.171875 0.1203125 0.1578125 0.11875 0.1546875 0.115625 0.15 0.11875 0.053125 0.1171875 0.0515625 0.115625 0.053125 0.090625 0.0640625 0.075 0.071875 0.075
3 0.584375 0.903125 0.634375 0.928125 0.634375 0.9328125 0.6203125 0.9421875 0.61875 0.953125 0.6234375 0.9671875 0.63125 0.9734375 0.640625 0.9765625 0.64375 0.98125 0.64375 0.9984375 0.43125 0.9984375 0.428125 0.996875 0.4265625 0.9703125 0.428125 0.95625 0.43125 0.95 0.4375 0.9484375 0.4515625 0.9375 0.45625 0.9375 0.4703125 0.93125 0.4796875 0.9234375 0.484375 0.9125 0.496875 0.9078125 0.5296875 0.9046875 0.546875 0.9 0.5828125 0.903125
3 0.4875 0.253125 0.02734375 0.059375
1 0.375 0.553125 0.38125 0.553125 0.384375 0.5640625 0.3828125 0.5828125 0.3796875 0.5921875 0.3765625 0.5921875 0.371875 0.5828125 0.371875 0.5609375 0.375 0.5546875
1 0.728125 0.56875 0.73125 0.56875 0.7375 0.575 0.7390625 0.5796875 0.7375 0.6203125 0.734375 0.6265625 0.734375 0.6328125 0.73125 0.634375 0.725 0.615625 0.725 0.5953125 0.7265625 0.59375 0.7265625 0.5765625 0.725 0.575 0.728125 0.5703125
1 0.4265625 0.3890625 0.428125 0.390625 0.428125 0.40625 0.425 0.415625 0.421875 0.4140625 0.4203125 0.409375 0.421875 0.390625 0.425 0.3890625
1 0.70625 0.4625 0.709375 0.465625 0.7078125 0.4984375 0.703125 0.496875 0.7015625 0.490625 0.7015625 0.4640625 0.7046875 0.4625
0 0.5328125 0.225 0.5328125 0.2359375 0.5296875 0.2375 0.5234375 0.2359375 0.5234375 0.2265625 0.5265625 0.2203125 0.53125 0.225
0 0.615625 0.2578125 0.6140625 0.2421875 0.6171875 0.2359375 0.621875 0.2359375 0.625 0.240625 0.625 0.25 0.6171875 0.2578125
0 0.5359375 0.1875 0.5375 0.1921875 0.5359375 0.1984375 0.5296875 0.196875 0.5296875 0.1921875 0.534375 0.1875
0 0.6953125 0.34453125 0.02578125 0.04453125
0 0.5984375 0.2359375 0.603125 0.240625 0.6015625 0.2546875 0.596875 0.2546875 0.5921875 0.2484375 0.5921875 0.2375 0.596875 0.2359375
0 0.3640625 0.6796875 0.36875 0.6828125 0.3734375 0.69375 0.3796875 0.696875 0.3796875 0.703125 0.3765625 0.70625 0.3765625 0.73125 0.3796875 0.746875 0.3765625 0.7921875 0.36875 0.7890625 0.3515625 0.7890625 0.340625 0.790625 0.328125 0.796875 0.3234375 0.796875 0.321875 0.79375 0.3203125 0.7796875 0.3203125 0.759375 0.31875 0.7578125 0.321875 0.7265625 0.3203125 0.7015625 0.328125 0.6953125 0.3296875 0.6875 0.334375 0.6828125 0.3453125 0.6796875 0.3625 0.6796875
0 0.5359375 0.20625 0.5390625 0.2125 0.5375 0.2234375 0.53125 0.2234375 0.528125 0.2203125 0.528125 0.2125 0.534375 0.20625
0 0.5453125 0.2359375 0.0125 0.01953125
0 0.546875 0.2484375 0.55 0.25625 0.55 0.2671875 0.546875 0.2703125 0.5375 0.26875 0.5375 0.253125 0.540625 0.2484375 0.5453125 0.2484375
0 0.521875 0.240625 0.525 0.246875 0.525 0.2625 0.5234375 0.2640625 0.5140625 0.2625 0.515625 0.2453125 0.5203125 0.240625
0 0.7015625 0.2734375 0.70625 0.275 0.709375 0.2828125 0.709375 0.2984375 0.70625 0.3015625 0.6921875 0.2984375 0.6921875 0.2765625 0.6953125 0.2734375 0.7 0.2734375
0 0.55 0.28125 0.5515625 0.2828125 0.5515625 0.3046875 0.5484375 0.3109375 0.5390625 0.3109375 0.5390625 0.2875 0.54375 0.28125 0.5484375 0.28125
0 0.5984375 0.265625 0.603125 0.265625 0.6078125 0.26875 0.6109375 0.2796875 0.609375 0.2921875 0.596875 0.290625 0.5953125 0.2765625 0.5984375 0.2671875
0 0.6296875 0.3546875 0.634375 0.365625 0.6328125 0.3765625 0.634375 0.403125 0.6328125 0.40625 0.6234375 0.4015625 0.61875 0.4015625 0.609375 0.40625 0.60625 0.3984375 0.60625 0.3703125 0.609375 0.3578125 0.6125 0.353125 0.628125 0.3546875
0 0.634375 0.2875 0.6375 0.2859375 0.6453125 0.2875 0.65 0.3 0.65 0.3171875 0.646875 0.31875 0.6328125 0.3171875 0.63125 0.2953125 0.634375 0.2890625
0 0.621875 0.278125 0.61875 0.2734375 0.61875 0.259375 0.6234375 0.253125 0.628125 0.253125 0.6328125 0.2625 0.63125 0.278125 0.6296875 0.2796875 0.6234375 0.278125