0 0.1328125 0.4484375 0.140625 0.453125 0.1421875 0.4625 0.1296875 0.4640625 0.1265625 0.4609375 0.125 0.4625 0.1109375 0.4609375 0.103125 0.4484375 0.0875 0.446875 0.0890625 0.425 0.0921875 0.421875 0.1046875 0.41875 0.121875 0.41875 0.13125 0.421875 0.128125 0.4375 0.128125 0.4453125 0.13125 0.4484375
0 0.9578125 0.70625 0.9671875 0.715625 0.9703125 0.7421875 0.971875 0.8234375 0.96875 0.83125 0.9640625 0.8359375 0.953125 0.8359375 0.9453125 0.825 0.9453125 0.8046875 0.9421875 0.7921875 0.9421875 0.753125 0.9390625 0.740625 0.940625 0.715625 0.9453125 0.7078125 0.95625 0.70625
0 0.875 0.13359375 0.02890625 0.11640625
0 0.9140625 0.7125 0.921875 0.715625 0.928125 0.725 0.9296875 0.8234375 0.9265625 0.8328125 0.9171875 0.8375 0.9078125 0.8359375 0.903125 0.828125 0.9015625 0.8203125 0.9015625 0.79375 0.9 0.7921875 0.9015625 0.7203125 0.90625 0.7140625 0.9125 0.7140625
0 0.9734375 0.52421875 0.05234375 0.0515625
0 0.7875 0.7375 0.7921875 0.734375 0.803125 0.734375 0.8078125 0.7375 0.8109375 0.75 0.8125 0.790625 0.8140625 0.7921875 0.8109375 0.8265625 0.8046875 0.83125 0.7984375 0.83125 0.7921875 0.8265625 0.7875 0.8046875 0.7890625 0.8015625 0.7875 0.790625 0.7890625 0.775 0.7859375 0.7546875 0.7875 0.7390625
0 0.2765625 0.5140625 0.278125 0.515625 0.2890625 0.5140625 0.29375 0.51875 0.2953125 0.5234375 0.29375 0.55 0.2859375 0.5546875 0.2734375 0.553125 0.25 0.5546875 0.2484375 0.553125 0.2484375 0.525 0.2546875 0.521875 0.2671875 0.5203125 0.275 0.515625
0 0.925 0.5 0.928125 0.5015625 0.93125 0.5109375 0.9296875 0.54375 0.9234375 0.5484375 0.9078125 0.55 0.8796875 0.55 0.871875 0.546875 0.86875 0.534375 0.8703125 0.509375 0.875 0.503125 0.8796875 0.5015625 0.9234375 0.5
0 0.9921875 0.778125 0.015625 0.11953125
0 0.55625 0.1125 0.559375 0.1140625 0.565625 0.125 0.565625 0.2 0.5640625 0.20625 0.5578125 0.2109375 0.55 0.2109375 0.54375 0.20625 0.54375 0.1234375 0.546875 0.115625 0.55 0.1125 0.5546875 0.1125
0 0.9984375 0.434375 0.9984375 0.478125 0.9765625 0.478125 0.9671875 0.4734375 0.965625 0.4703125 0.9671875 0.4375 0.9765625 0.434375 0.996875 0.434375
0 0.8859375 0.725 0.8890625 0.728125 0.8921875 0.740625 0.8953125 0.7859375 0.89375 0.7875 0.89375 0.8234375 0.890625 0.83125 0.884375 0.8359375 0.8765625 0.8359375 0.8671875 0.81875 0.8671875 0.7921875 0.865625 0.790625 0.8671875 0.7703125 0.8640625 0.746875 0.865625 0.7296875 0.8703125 0.725 0.884375 0.725
0 0.7796875 0.509375 0.7828125 0.5125 0.784375 0.5203125 0.784375 0.540625 0.7828125 0.5484375 0.775 0.553125 0.7375 0.553125 0.728125 0.55 0.725 0.5453125 0.725 0.5140625 0.734375 0.5078125 0.7765625 0.5078125 0.778125 0.509375
0 0.76328125 0.35859375 0.0484375 0.046875
0 0.8390625 0.78359375 0.03125 0.13359375
0 0.9109375 0.4078125 0.9140625 0.4203125 0.9140625 0.4375 0.9109375 0.446875 0.88125 0.446875 0.8796875 0.4484375 0.8625 0.4484375 0.8609375 0.446875 0.8578125 0.4390625 0.859375 0.4125 0.865625 0.4078125 0.8953125 0.4078125 0.896875 0.40625 0.909375 0.4078125
0 0.7921875 0.5078125 0.803125 0.5046875 0.8234375 0.50625 0.840625 0.503125 0.85 0.509375 0.85 0.54375 0.8453125 0.5484375 0.79375 0.5484375 0.7890625 0.5390625 0.7890625 0.515625 0.7921875 0.509375
0 0.2203125 0.43125 0.2265625 0.4375 0.228125 0.4546875 0.2390625 0.459375 0.2390625 0.4671875 0.2375 0.4703125 0.2328125 0.471875 0.2265625 0.471875 0.2203125 0.46875 0.203125 0.46875 0.196875 0.471875 0.1859375 0.471875 0.1859375 0.465625 0.190625 0.4609375 0.1921875 0.4515625 0.1984375 0.4375 0.203125 0.4328125 0.21875 0.43125