0 0.9734375 0.38125 0.9875 0.384375 0.9921875 0.390625 0.99375 0.3984375 0.9921875 0.4265625 0.9875 0.4328125 0.975 0.4359375 0.9328125 0.4359375 0.928125 0.43125 0.9265625 0.425 0.9265625 0.3921875 0.9296875 0.3875 0.9421875 0.384375 0.9640625 0.384375 0.971875 0.38125
0 0.60390625 0.81015625 0.0234375 0.1125
0 0.9484375 0.8234375 0.9453125 0.8125 0.94375 0.7515625 0.9421875 0.75 0.9421875 0.709375 0.946875 0.7 0.9609375 0.7 0.9671875 0.7078125 0.9703125 0.7203125 0.9703125 0.7484375 0.9734375 0.778125 0.971875 0.821875 0.9640625 0.828125 0.9546875 0.828125 0.95 0.8234375
0 0.775 0.5 0.78125 0.503125 0.7859375 0.515625 0.7859375 0.534375 0.7828125 0.54375 0.7703125 0.5484375 0.7375 0.546875 0.7296875 0.54375 0.7265625 0.5390625 0.7265625 0.5078125 0.7296875 0.503125 0.740625 0.5 0.7734375 0.5
0 0.91875 0.7078125 0.928125 0.7140625 0.9296875 0.7203125 0.9296875 0.75 0.93125 0.7515625 0.9296875 0.775 0.9328125 0.7953125 0.93125 0.81875 0.9296875 0.8234375 0.921875 0.8296875 0.9140625 0.8296875 0.90625 0.8234375 0.903125 0.8125 0.903125 0.7859375 0.9015625 0.784375 0.903125 0.7140625 0.909375 0.7078125 0.9171875 0.7078125
0 0.1953125 0.4375 0.1984375 0.4359375 0.2046875 0.425 0.225 0.425 0.2296875 0.434375 0.228125 0.446875 0.2328125 0.4515625 0.240625 0.4546875 0.240625 0.4609375 0.2328125 0.4640625 0.225 0.4625 0.2046875 0.4625 0.19375 0.465625 0.184375 0.4640625 0.1921875 0.453125 0.1953125 0.4390625
0 0.4453125 0.7015625 0.45 0.7 0.459375 0.7015625 0.4625 0.7140625 0.4609375 0.8109375 0.459375 0.8125 0.4609375 0.821875 0.4578125 0.8296875 0.4421875 0.83125 0.4390625 0.825 0.4453125 0.809375 0.4453125 0.75625 0.440625 0.7359375 0.440625 0.7125 0.4453125 0.703125
0 0.875 0.12734375 0.02890625 0.115625
0 0.803125 0.7265625 0.8078125 0.7296875 0.8109375 0.7359375 0.8140625 0.75625 0.8140625 0.8078125 0.809375 0.8234375 0.7953125 0.8234375 0.7921875 0.8171875 0.790625 0.8046875 0.7921875 0.7859375 0.790625 0.784375 0.7875 0.734375 0.79375 0.7265625 0.8015625 0.7265625
0 0.5640625 0.4125 0.56875 0.425 0.56875 0.525 0.5625 0.53125 0.553125 0.53125 0.5484375 0.5265625 0.546875 0.4625 0.5453125 0.4609375 0.546875 0.41875 0.5515625 0.4125 0.5625 0.4125
0 0.29375 0.509375 0.296875 0.5140625 0.2984375 0.5359375 0.296875 0.5421875 0.2890625 0.5484375 0.2515625 0.5484375 0.2484375 0.5421875 0.2484375 0.528125 0.2515625 0.515625 0.275 0.5125 0.2828125 0.5078125 0.2921875 0.509375
0 0.925 0.49375 0.928125 0.4953125 0.9328125 0.5046875 0.9328125 0.5328125 0.9265625 0.540625 0.9140625 0.54375 0.878125 0.54375 0.8734375 0.540625 0.8703125 0.53125 0.871875 0.5015625 0.88125 0.4953125 0.9234375 0.49375
0 0.9984375 0.7125 0.9984375 0.8296875 0.99375 0.828125 0.9890625 0.8203125 0.9890625 0.8 0.9875 0.7984375 0.9890625 0.7828125 0.9859375 0.7640625 0.9859375 0.7265625 0.990625 0.7140625 0.996875 0.7125
0 0.45625 0.0765625 0.459375 0.075 0.4734375 0.0765625 0.4765625 0.09375 0.475 0.1453125 0.4703125 0.1484375 0.4578125 0.146875 0.4546875 0.1296875 0.4546875 0.10625 0.45625 0.1 0.4609375 0.0953125 0.45625 0.090625 0.45625 0.078125
0 0.9984375 0.4953125 0.9984375 0.5140625 0.996875 0.515625 0.9984375 0.5390625 0.9953125 0.5421875 0.9921875 0.540625 0.9828125 0.5421875 0.95625 0.540625 0.9515625 0.5359375 0.95 0.509375 0.9515625 0.5015625 0.959375 0.496875 0.975 0.496875 0.990625 0.49375 0.996875 0.4953125
0 0.8671875 0.796875 0.86875 0.7953125 0.86875 0.778125 0.8671875 0.7765625 0.865625 0.7265625 0.8734375 0.71875 0.8859375 0.7171875 0.890625 0.721875 0.8953125 0.7484375 0.896875 0.7796875 0.8953125 0.78125 0.89375 0.8203125 0.8875 0.8265625 0.8828125 0.828125 0.8734375 0.825 0.86875 0.815625 0.86875 0.7984375
0 0.74375 0.334375 0.7609375 0.3296875 0.7828125 0.328125 0.784375 0.3296875 0.78125 0.3453125 0.7828125 0.359375 0.790625 0.36875 0.7890625 0.3734375 0.7734375 0.3734375 0.771875 0.375 0.74375 0.3734375 0.740625 0.3609375 0.740625 0.346875 0.74375 0.3359375
0 0.8421875 0.7109375 0.8484375 0.715625 0.853125 0.759375 0.853125 0.8109375 0.8515625 0.8234375 0.8484375 0.8265625 0.8390625 0.825 0.8359375 0.821875 0.83125 0.825 0.83125 0.8171875 0.828125 0.8109375 0.828125 0.778125 0.825 0.7625 0.8265625 0.759375 0.8234375 0.7484375 0.8234375 0.73125 0.8265625 0.7203125 0.83125 0.7125 0.840625 0.7109375
0 0.8125 0.41875 0.8296875 0.4140625 0.85625 0.4140625 0.8671875 0.421875 0.8703125 0.4265625 0.871875 0.4375 0.8703125 0.4515625 0.8640625 0.4609375 0.853125 0.4625 0.8234375 0.4609375 0.815625 0.4578125 0.809375 0.4484375 0.809375 0.425 0.8125 0.4203125
0 0.8484375 0.5 0.8515625 0.5046875 0.8515625 0.5375 0.8484375 0.540625 0.840625 0.5421875 0.81875 0.5421875 0.8171875 0.54375 0.815625 0.5421875 0.80625 0.54375 0.79375 0.540625 0.790625 0.5328125 0.7921875 0.503125 0.796875 0.5 0.8328125 0.5 0.834375 0.4984375 0.846875 0.5