0 0.87734375 0.1265625 0.028125 0.11640625
0 0.78125 0.5015625 0.7859375 0.50625 0.7875 0.5125 0.7875 0.5359375 0.7828125 0.5453125 0.7734375 0.5484375 0.7453125 0.5484375 0.734375 0.5453125 0.728125 0.5359375 0.728125 0.5125 0.7328125 0.503125 0.7421875 0.5 0.7796875 0.5015625
0 0.8359375 0.4390625 0.8328125 0.4328125 0.8328125 0.4171875 0.83125 0.415625 0.834375 0.3953125 0.840625 0.390625 0.8625 0.3875 0.8921875 0.3875 0.8953125 0.390625 0.9 0.4109375 0.896875 0.4328125 0.89375 0.4359375 0.878125 0.4390625 0.859375 0.4390625 0.8578125 0.440625 0.8390625 0.440625 0.8375 0.4390625
0 0.925 0.49375 0.9296875 0.4953125 0.934375 0.5015625 0.9359375 0.5140625 0.934375 0.534375 0.9265625 0.5421875 0.8953125 0.5453125 0.878125 0.54375 0.8734375 0.5375 0.871875 0.5078125 0.875 0.5 0.8890625 0.4953125 0.9234375 0.49375
0 0.9625 0.7 0.965625 0.7015625 0.971875 0.71875 0.9734375 0.765625 0.975 0.7671875 0.975 0.8203125 0.96875 0.828125 0.9625 0.8296875 0.9546875 0.828125 0.9484375 0.8203125 0.9484375 0.8015625 0.9453125 0.790625 0.9453125 0.771875 0.94375 0.7703125 0.9453125 0.7046875 0.95 0.7 0.9609375 0.7
0 0.91875 0.7078125 0.9296875 0.7125 0.93125 0.7171875 0.9328125 0.821875 0.925 0.8296875 0.9140625 0.8296875 0.909375 0.8265625 0.90625 0.8203125 0.90625 0.803125 0.9046875 0.8015625 0.9046875 0.715625 0.909375 0.709375 0.9171875 0.7078125
0 0.99375 0.7125 0.9984375 0.7125 0.9984375 0.83125 0.99375 0.828125 0.990625 0.81875 0.990625 0.7921875 0.9890625 0.790625 0.9890625 0.7296875 0.990625 0.71875 0.99375 0.7140625
0 0.8046875 0.7265625 0.8109375 0.73125 0.815625 0.75625 0.815625 0.8125 0.8125 0.8234375 0.796875 0.8234375 0.790625 0.790625 0.7890625 0.7375 0.7953125 0.7265625 0.803125 0.7265625
0 0.2515625 0.5171875 0.275 0.5125 0.2796875 0.509375 0.29375 0.509375 0.2984375 0.5140625 0.2984375 0.5421875 0.2921875 0.5484375 0.2515625 0.5484375 0.25 0.546875 0.2515625 0.51875
0 0.9984375 0.4953125 0.9984375 0.540625 0.996875 0.5421875 0.959375 0.540625 0.953125 0.5359375 0.9515625 0.5234375 0.9515625 0.5125 0.9546875 0.5 0.9765625 0.4953125 0.9921875 0.4953125 0.99375 0.49375 0.996875 0.4953125
0 0.8828125 0.77265625 0.03203125 0.1125
0 0.846875 0.7125 0.8515625 0.7234375 0.853125 0.7578125 0.85625 0.7703125 0.85625 0.8265625 0.853125 0.8359375 0.846875 0.84375 0.8421875 0.84375 0.8375 0.8390625 0.83125 0.821875 0.8296875 0.7625 0.825 0.7375 0.8296875 0.7171875 0.834375 0.7125 0.8453125 0.7125
0 0.75625 0.41875 0.7609375 0.425 0.7640625 0.4359375 0.7640625 0.44375 0.759375 0.4578125 0.74375 0.471875 0.7359375 0.4734375 0.7265625 0.48125 0.715625 0.4859375 0.709375 0.4859375 0.70625 0.4828125 0.703125 0.471875 0.7046875 0.45 0.7171875 0.4375 0.7203125 0.4375 0.7453125 0.41875 0.7484375 0.4171875 0.7546875 0.41875
0 0.7859375 0.3265625 0.7875 0.3328125 0.784375 0.3375 0.7828125 0.3546875 0.7890625 0.3671875 0.7890625 0.371875 0.7734375 0.375 0.7546875 0.375 0.7453125 0.371875 0.74375 0.36875 0.74375 0.3375 0.7453125 0.334375 0.753125 0.33125 0.784375 0.3265625
0 0.8421875 0.4984375 0.853125 0.5015625 0.8546875 0.509375 0.853125 0.5375 0.85 0.540625 0.828125 0.54375 0.796875 0.5421875 0.7921875 0.5296875 0.7921875 0.509375 0.7984375 0.5 0.840625 0.4984375
0 0.5578125 0.3921875 0.5625 0.403125 0.5625 0.5046875 0.559375 0.509375 0.5453125 0.509375 0.5421875 0.50625 0.5390625 0.4796875 0.540625 0.4 0.54375 0.39375 0.55 0.390625 0.55625 0.3921875