0 0.6078125 0.790625 0.6125 0.79375 0.615625 0.8 0.615625 0.84375 0.6140625 0.8453125 0.615625 0.90625 0.6125 0.91875 0.60625 0.9234375 0.5953125 0.921875 0.590625 0.909375 0.590625 0.8 0.5953125 0.7921875 0.60625 0.790625
0 0.8890625 0.71875 0.89375 0.725 0.8953125 0.7328125 0.896875 0.765625 0.8984375 0.7671875 0.896875 0.8203125 0.89375 0.8265625 0.8890625 0.8296875 0.8765625 0.828125 0.871875 0.821875 0.86875 0.8109375 0.8703125 0.809375 0.86875 0.7265625 0.8765625 0.7203125 0.8875 0.71875
0 0.7796875 0.5015625 0.784375 0.5046875 0.7875 0.5125 0.7875 0.5375 0.7859375 0.54375 0.78125 0.5484375 0.7375 0.5484375 0.7296875 0.54375 0.728125 0.5375 0.728125 0.5125 0.7328125 0.5046875 0.7421875 0.5015625 0.778125 0.5015625
0 0.45625 0 0.4765625 0 0.4765625 0.0078125 0.4796875 0.0125 0.4796875 0.021875 0.475 0.0265625 0.4640625 0.028125 0.45625 0.0203125 0.45625 0.0015625
0 0.8828125 0.071875 0.8875 0.0765625 0.890625 0.1078125 0.890625 0.178125 0.8828125 0.1859375 0.871875 0.1859375 0.86875 0.1828125 0.865625 0.1640625 0.865625 0.1296875 0.8640625 0.128125 0.865625 0.1203125 0.8640625 0.1171875 0.865625 0.1109375 0.8640625 0.0796875 0.865625 0.075 0.86875 0.0734375 0.88125 0.071875
0 0.921875 0.7109375 0.9265625 0.7125 0.93125 0.7203125 0.9328125 0.7921875 0.934375 0.79375 0.9328125 0.8234375 0.928125 0.8296875 0.921875 0.8328125 0.9109375 0.8296875 0.90625 0.8234375 0.90625 0.7875 0.9046875 0.7859375 0.90625 0.7125 0.9140625 0.709375 0.9203125 0.7109375
0 0.9625 0.7015625 0.9703125 0.7125 0.9734375 0.725 0.9734375 0.759375 0.9765625 0.7875 0.975 0.8234375 0.9671875 0.83125 0.9578125 0.83125 0.95 0.8234375 0.9453125 0.7859375 0.94375 0.7140625 0.9453125 0.70625 0.95 0.7015625 0.9609375 0.7015625
0 0.45625 0.64375 0.4578125 0.6421875 0.45625 0.6390625 0.45625 0.6 0.4546875 0.5984375 0.45625 0.5640625 0.4625 0.5546875 0.4734375 0.5546875 0.478125 0.5625 0.4796875 0.575 0.478125 0.665625 0.4734375 0.6734375 0.459375 0.6734375 0.4578125 0.6453125
0 0.803125 0.77734375 0.02734375 0.0984375
0 0.925 0.4953125 0.934375 0.5015625 0.9359375 0.509375 0.9359375 0.5296875 0.9328125 0.540625 0.9203125 0.5453125 0.8984375 0.5453125 0.896875 0.546875 0.8828125 0.546875 0.875 0.5421875 0.871875 0.53125 0.871875 0.509375 0.875 0.5015625 0.8921875 0.496875 0.9234375 0.4953125
0 0.4359375 0.090625 0.4421875 0.1 0.44375 0.109375 0.44375 0.1984375 0.4390625 0.20625 0.43125 0.2078125 0.425 0.2046875 0.421875 0.19375 0.4203125 0.1109375 0.425 0.0953125 0.4296875 0.090625 0.434375 0.090625
0 0.2921875 0.509375 0.296875 0.5125 0.3 0.5328125 0.2984375 0.54375 0.29375 0.5484375 0.25 0.5484375 0.2484375 0.540625 0.25 0.521875 0.253125 0.5171875 0.271875 0.5140625 0.2828125 0.509375 0.290625 0.509375
0 0.99375 0.715625 0.9984375 0.715625 0.9984375 0.83125 0.99375 0.8296875 0.9921875 0.825 0.990625 0.7921875 0.9890625 0.790625 0.9890625 0.74375 0.990625 0.7421875 0.990625 0.721875 0.99375 0.7171875
0 0.9984375 0.496875 0.9984375 0.5421875 0.996875 0.54375 0.9609375 0.54375 0.953125 0.5359375 0.953125 0.50625 0.9578125 0.5 0.996875 0.496875
0 0.8421875 0.7140625 0.8484375 0.7171875 0.853125 0.73125 0.853125 0.7578125 0.85625 0.775 0.85625 0.803125 0.853125 0.8140625 0.8515625 0.815625 0.8375 0.8140625 0.834375 0.8171875 0.8296875 0.8078125 0.8296875 0.7703125 0.828125 0.76875 0.8265625 0.73125 0.83125 0.71875 0.8359375 0.715625 0.840625 0.715625
0 0.7859375 0.33125 0.784375 0.3609375 0.7890625 0.3671875 0.7890625 0.3734375 0.7796875 0.375 0.7453125 0.3734375 0.74375 0.3703125 0.74375 0.3375 0.75 0.3328125 0.7578125 0.33125 0.784375 0.33125
0 0.8484375 0.5 0.853125 0.503125 0.853125 0.5265625 0.8546875 0.528125 0.853125 0.5390625 0.846875 0.54375 0.8125 0.54375 0.8109375 0.5453125 0.803125 0.5453125 0.7953125 0.5421875 0.7921875 0.528125 0.79375 0.50625 0.8 0.5015625 0.8078125 0.5 0.846875 0.5