0 0.984375 0.425 0.9921875 0.43125 0.996875 0.4421875 0.9953125 0.4625 0.9921875 0.46875 0.9859375 0.4734375 0.9453125 0.4703125 0.9390625 0.4671875 0.934375 0.4609375 0.934375 0.4359375 0.9375 0.428125 0.94375 0.425 0.9828125 0.425
0 0.1328125 0.4125 0.134375 0.4140625 0.1328125 0.43125 0.1359375 0.4390625 0.140625 0.4421875 0.1453125 0.4515625 0.14375 0.4578125 0.1390625 0.459375 0.115625 0.4578125 0.1015625 0.446875 0.0953125 0.4453125 0.0890625 0.4484375 0.0859375 0.446875 0.0859375 0.428125 0.0921875 0.4140625 0.0953125 0.4125 0.13125 0.4125
0 0.8625 0.075 0.871875 0.0703125 0.8796875 0.0703125 0.884375 0.075 0.8875 0.1265625 0.8890625 0.128125 0.8890625 0.1734375 0.88125 0.1828125 0.8703125 0.184375 0.8671875 0.18125 0.8640625 0.1671875 0.8640625 0.1421875 0.8625 0.140625 0.8625 0.090625 0.8609375 0.0890625 0.8625 0.0765625
0 0.8828125 0.715625 0.8875 0.7171875 0.890625 0.721875 0.896875 0.7625 0.89375 0.81875 0.8875 0.8265625 0.8828125 0.828125 0.871875 0.821875 0.86875 0.8125 0.86875 0.7640625 0.865625 0.74375 0.865625 0.7265625 0.871875 0.71875 0.88125 0.715625
0 0.9625 0.7 0.9703125 0.715625 0.971875 0.7703125 0.9734375 0.771875 0.9734375 0.8171875 0.971875 0.821875 0.9625 0.828125 0.9515625 0.825 0.946875 0.81875 0.9453125 0.79375 0.9421875 0.7828125 0.94375 0.7734375 0.9421875 0.7078125 0.946875 0.7 0.9609375 0.7
0 0.4390625 0.709375 0.4421875 0.759375 0.4375 0.7796875 0.4390625 0.7875 0.4375 0.8109375 0.4328125 0.809375 0.43125 0.7953125 0.41875 0.7890625 0.421875 0.753125 0.425 0.7484375 0.4328125 0.746875 0.434375 0.73125 0.43125 0.7265625 0.43125 0.7171875 0.4328125 0.7125 0.4375 0.709375
0 0.953125 0.5 0.98125 0.49375 0.9984375 0.49375 0.9984375 0.5140625 0.996875 0.515625 0.9984375 0.5171875 0.9984375 0.5390625 0.996875 0.540625 0.95625 0.5390625 0.9515625 0.534375 0.95 0.525 0.95 0.5140625 0.953125 0.5015625
0 0.803125 0.725 0.8078125 0.728125 0.8109375 0.734375 0.8140625 0.75625 0.8140625 0.8125 0.8109375 0.821875 0.8078125 0.8234375 0.7984375 0.8234375 0.79375 0.8203125 0.7890625 0.7859375 0.7875 0.7359375 0.7890625 0.7296875 0.79375 0.725 0.8015625 0.725
0 0.846875 0.7125 0.8515625 0.728125 0.8546875 0.80625 0.8515625 0.8296875 0.8484375 0.8359375 0.8421875 0.834375 0.8390625 0.8375 0.83125 0.825 0.83125 0.8125 0.828125 0.803125 0.8265625 0.75625 0.825 0.7546875 0.8265625 0.7515625 0.8234375 0.7359375 0.828125 0.715625 0.8359375 0.7109375 0.8453125 0.7125
0 0.290625 0.5078125 0.296875 0.5140625 0.296875 0.540625 0.2890625 0.5484375 0.2515625 0.5484375 0.25 0.546875 0.2515625 0.5171875 0.2578125 0.5140625 0.26875 0.5140625 0.278125 0.509375 0.2890625 0.5078125
0 0.90234375 0.51796875 0.0640625 0.053125
0 0.2203125 0.4234375 0.2265625 0.428125 0.228125 0.4484375 0.240625 0.453125 0.2421875 0.459375 0.234375 0.4640625 0.2109375 0.4609375 0.196875 0.465625 0.1890625 0.465625 0.1859375 0.4625 0.1921875 0.4546875 0.1953125 0.4390625 0.203125 0.4265625 0.21875 0.4234375
0 0.9984375 0.7125 0.9984375 0.8296875 0.990625 0.8234375 0.9890625 0.7796875 0.9875 0.778125 0.9875 0.7234375 0.990625 0.7140625 0.996875 0.7125
0 0.925 0.709375 0.9296875 0.71875 0.93125 0.8171875 0.9296875 0.821875 0.91875 0.83125 0.9140625 0.83125 0.9046875 0.8203125 0.903125 0.7171875 0.9078125 0.7078125 0.9234375 0.709375
0 0.7296875 0.54375 0.7265625 0.5375 0.7265625 0.5078125 0.73125 0.5015625 0.7359375 0.5 0.778125 0.5 0.7828125 0.5046875 0.7859375 0.5125 0.7859375 0.5359375 0.7796875 0.5453125 0.76875 0.5484375 0.7390625 0.546875 0.73125 0.54375
0 0.765625 0.35078125 0.05078125 0.0484375
0 0.8421875 0.4 0.84375 0.4015625 0.8796875 0.4 0.884375 0.4125 0.884375 0.4328125 0.88125 0.440625 0.8765625 0.4421875 0.853125 0.440625 0.8421875 0.44375 0.8328125 0.4421875 0.828125 0.4328125 0.8296875 0.4078125 0.834375 0.4015625 0.840625 0.4
0 0.821875 0.51953125 0.0625 0.046875