3 0.7234375 0.5546875 0.7375 0.5625 0.7484375 0.5609375 0.7515625 0.5625 0.7515625 0.6109375 0.753125 0.6125 0.7515625 0.61875 0.7515625 0.715625 0.746875 0.7203125 0.75 0.725 0.746875 0.7265625 0.7484375 0.73125 0.7453125 0.734375 0.7515625 0.7390625 0.75 0.74375 0.7515625 0.75 0.75 0.7984375 0.753125 0.8078125 0.753125 0.8171875 0.7546875 0.81875 0.7578125 0.815625 0.7546875 0.8234375 0.759375 0.825 0.7578125 0.8296875 0.75625 0.825 0.7546875 0.8234375 0.753125 0.825 0.753125 0.8359375 0.7609375 0.8375 0.7609375 0.8453125 0.7734375 0.8609375 0.7796875 0.865625 0.7890625 0.8640625 0.7953125 0.8671875 0.80625 0.8625 0.809375 0.859375 0.809375 0.853125 0.815625 0.8484375 0.8125 0.840625 0.8125 0.809375 0.8140625 0.8078125 0.8125 0.7859375 0.8046875 0.7734375 0.7953125 0.7703125 0.790625 0.75 0.790625 0.7234375 0.7875 0.7140625 0.7875 0.6875 0.7859375 0.6859375 0.7875 0.684375 0.7875 0.66875 0.7953125 0.6625 0.8015625 0.6640625 0.8109375 0.6734375 0.821875 0.675 0.825 0.6921875 0.83125 0.709375 0.834375 0.7125 0.834375 0.7296875 0.8359375 0.73125 0.834375 0.8015625 0.8359375 0.8109375 0.8390625 0.815625 0.8484375 0.8171875 0.8625 0.8234375 0.89375 0.825 0.90625 0.83125 0.9359375 0.834375 0.9578125 0.840625 0.9890625 0.84375 0.9984375 0.846875 0.9984375 0.8859375 0.996875 0.8875 0.9984375 0.89375 0.9984375 0.9578125 0.99375 0.9609375 0.971875 0.9609375 0.96875 0.96875 0.9671875 0.996875 0.95625 0.9984375 0.65625 0.9984375 0.6546875 0.996875 0.578125 0.9984375 0.575 0.99375 0.575 0.9875 0.5671875 0.9765625 0.5625 0.9734375 0.5578125 0.9734375 0.546875 0.9609375 0.54375 0.9609375 0.5421875 0.9359375 0.5375 0.9109375 0.5375 0.903125 0.540625 0.896875 0.540625 0.875 0.5390625 0.8734375 0.540625 0.8375 0.5375 0.821875 0.5296875 0.8140625 0.51875 0.796875 0.5203125 0.76875 0.5140625 0.75625 0.5140625 0.7390625 0.5109375 0.7359375 0.5109375 0.71875 0.515625 0.7125 0.5203125 0.715625 0.5375 0.715625 0.54375 0.7125 0.55625 0.6984375 0.559375 0.6890625 0.584375 0.65 0.6109375 0.625 0.621875 0.6203125 0.6609375 0.5765625 0.665625 0.575 0.678125 0.5609375 0.6875 0.55625 0.703125 0.5578125 0.721875 0.5546875
3 0.0390625 0.2828125 0.05 0.2796875 0.05 0.2921875 0.059375 0.3203125 0.0625 0.3609375 0.0703125 0.3765625 0.071875 0.384375 0.08125 0.4 0.0828125 0.4484375 0.0859375 0.46875 0.0859375 0.4921875 0.078125 0.496875 0.0640625 0.4984375 0.0546875 0.48125 0.0546875 0.4671875 0.053125 0.4625 0.05 0.4609375 0.0484375 0.4421875 0.04375 0.440625 0.0390625 0.446875 0.0375 0.4609375 0.0328125 0.465625 0.0265625 0.4828125 0.021875 0.4875 0.021875 0.4953125 0.025 0.5015625 0.021875 0.50625 0 0.509375 0 0.290625 0.0046875 0.2875 0.015625 0.2890625 0.0203125 0.2875 0.021875 0.284375 0.028125 0.2875 0.034375 0.2875 0.0390625 0.284375
3 0.1875 0.0546875 0.1953125 0.0640625 0.19375 0.134375 0.190625 0.1390625 0.18125 0.134375 0.1703125 0.134375 0.1609375 0.1390625 0.1609375 0.1296875 0.1578125 0.11875 0.1578125 0.0875 0.15625 0.0859375 0.1578125 0.084375 0.1578125 0.0625 0.165625 0.0546875 0.1859375 0.0546875
3 0.175 0.2265625 0.184375 0.2296875 0.19375 0.2390625 0.1921875 0.25625 0.1984375 0.2671875 0.2 0.275 0.1984375 0.3234375 0.1953125 0.3265625 0.19375 0.3234375 0.1875 0.3203125 0.1671875 0.31875 0.1578125 0.328125 0.153125 0.3265625 0.15 0.3203125 0.15 0.3140625 0.14375 0.30625 0.140625 0.2484375 0.146875 0.2375 0.1546875 0.2296875 0.1734375 0.2265625
1 0.425 0.025 0.428125 0.03125 0.428125 0.05 0.425 0.0609375 0.421875 0.0609375 0.4203125 0.0578125 0.4203125 0.0375 0.4234375 0.0265625
1 0.39375 0.003125 0.396875 0.0046875 0.3953125 0.0296875 0.39375 0.03125 0.390625 0.025 0.390625 0.00625 0.3921875 0.0046875
1 0.0421875 0.5 0.046875 0.496875 0.0515625 0.4875 0.0578125 0.4890625 0.0609375 0.4984375 0.059375 0.509375 0.053125 0.5171875 0.053125 0.534375 0.05625 0.540625 0.05625 0.55 0.0515625 0.5734375 0.04375 0.5734375 0.03125 0.5625 0.0296875 0.5578125 0.0296875 0.5390625 0.0328125 0.534375 0.034375 0.5203125 0.0421875 0.5015625
1 0.45625 0.0328125 0.4609375 0.0390625 0.4609375 0.0609375 0.4578125 0.0671875 0.4546875 0.0640625 0.453125 0.0546875 0.453125 0.0453125 0.45625 0.034375
1 0.41875 0.0125 0.4203125 0.0140625 0.4203125 0.03125 0.4171875 0.0390625 0.4140625 0.0359375 0.4140625 0.0140625 0.4171875 0.0125
0 0.259375 0 0.2765625 0 0.2796875 0.009375 0.2796875 0.04375 0.265625 0.040625 0.259375 0.04375 0.2578125 0.040625 0.259375 0.0015625
0 0.4546875 0.1359375 0.465625 0.1375 0.46875 0.140625 0.471875 0.153125 0.4765625 0.1609375 0.478125 0.1921875 0.475 0.2046875 0.44375 0.203125 0.4375 0.190625 0.4375 0.1515625 0.44375 0.1375 0.453125 0.1359375
0 0.459375 0.0015625 0.4640625 0.0046875 0.4703125 0.025 0.4703125 0.04375 0.4671875 0.046875 0.4625 0.04375 0.4625 0.0390625 0.459375 0.034375 0.45625 0.0328125 0.4546875 0.034375 0.4515625 0.04375 0.446875 0.0421875 0.4453125 0.0359375 0.446875 0.015625 0.45 0.0046875 0.453125 0.0015625 0.4578125 0.0015625