0 0.5609375 0.903125 0.5671875 0.9125 0.56875 0.921875 0.5671875 0.9984375 0.546875 0.9984375 0.5453125 0.9171875 0.55 0.9046875 0.559375 0.903125
0 0.9625 0.7046875 0.9671875 0.7125 0.9703125 0.725 0.971875 0.775 0.9734375 0.7765625 0.9734375 0.8203125 0.9703125 0.828125 0.9625 0.8328125 0.953125 0.83125 0.946875 0.8234375 0.94375 0.7984375 0.94375 0.7734375 0.9421875 0.771875 0.9421875 0.7140625 0.9484375 0.703125 0.9609375 0.7046875
0 0.8828125 0.0765625 0.8859375 0.084375 0.8875 0.0984375 0.8890625 0.1796875 0.8859375 0.1859375 0.8765625 0.1890625 0.8703125 0.1890625 0.865625 0.18125 0.8640625 0.1453125 0.8625 0.14375 0.8625 0.08125 0.86875 0.075 0.88125 0.0765625
0 0.9171875 0.771875 0.03125 0.121875
0 0.4109375 0.2609375 0.409375 0.2578125 0.4109375 0.2125 0.4078125 0.196875 0.409375 0.178125 0.4234375 0.1671875 0.428125 0.1703125 0.43125 0.178125 0.43125 0.259375 0.4296875 0.2609375 0.4125 0.2609375
0 0.29375 0.5125 0.2984375 0.5203125 0.2984375 0.546875 0.290625 0.55 0.2578125 0.55 0.25625 0.5515625 0.25 0.55 0.2515625 0.521875 0.2578125 0.51875 0.271875 0.5171875 0.278125 0.5125 0.2921875 0.5125
0 0.59375 0.5125 0.5984375 0.509375 0.609375 0.509375 0.6140625 0.5140625 0.615625 0.525 0.6140625 0.6171875 0.6109375 0.621875 0.6046875 0.6234375 0.5953125 0.621875 0.5921875 0.6109375 0.5921875 0.5171875 0.59375 0.5140625
0 0.5921875 0 0.6109375 0 0.6109375 0.0421875 0.6125 0.04375 0.6109375 0.0734375 0.5984375 0.0765625 0.590625 0.075 0.5921875 0.0015625
0 0.925 0.4984375 0.9296875 0.5 0.9328125 0.509375 0.9328125 0.5359375 0.928125 0.5453125 0.9140625 0.5484375 0.878125 0.5484375 0.875 0.546875 0.8703125 0.534375 0.8703125 0.5125 0.8734375 0.503125 0.878125 0.5 0.9234375 0.4984375
0 0.775 0.5046875 0.7828125 0.509375 0.7859375 0.5171875 0.7859375 0.5390625 0.7828125 0.5484375 0.7703125 0.5515625 0.75 0.5515625 0.7296875 0.5484375 0.7265625 0.54375 0.7265625 0.5125 0.73125 0.5078125 0.740625 0.5046875 0.7734375 0.5046875
0 0.9984375 0.7171875 0.9984375 0.8328125 0.99375 0.8328125 0.9890625 0.8234375 0.9875 0.7671875 0.9859375 0.765625 0.9875 0.725 0.9921875 0.7171875 0.996875 0.7171875
0 0.4671875 0.2203125 0.4765625 0.234375 0.4765625 0.334375 0.4734375 0.346875 0.4703125 0.3484375 0.4625 0.3484375 0.45625 0.3453125 0.453125 0.3359375 0.453125 0.3109375 0.4546875 0.309375 0.453125 0.23125 0.4546875 0.2265625 0.4609375 0.2203125 0.465625 0.2203125
0 0.9984375 0.4984375 0.9984375 0.546875 0.95625 0.5453125 0.9515625 0.540625 0.95 0.534375 0.95 0.515625 0.9515625 0.5078125 0.95625 0.5015625 0.996875 0.4984375
0 0.884375 0.7203125 0.890625 0.725 0.8921875 0.7296875 0.896875 0.7765625 0.8953125 0.778125 0.89375 0.8234375 0.8875 0.83125 0.8828125 0.8328125 0.8765625 0.83125 0.86875 0.8203125 0.8671875 0.75 0.865625 0.7484375 0.865625 0.73125 0.86875 0.725 0.8828125 0.7203125
0 0.7828125 0.334375 0.784375 0.3421875 0.78125 0.3609375 0.7875 0.3765625 0.7640625 0.3796875 0.7515625 0.3796875 0.74375 0.3765625 0.7421875 0.3734375 0.74375 0.3375 0.7515625 0.334375 0.78125 0.334375
0 0.803125 0.7296875 0.8109375 0.7375 0.8140625 0.7609375 0.8140625 0.8125 0.8125 0.8234375 0.8078125 0.8265625 0.7953125 0.825 0.790625 0.8109375 0.7875 0.7375 0.79375 0.73125 0.8015625 0.7296875
0 0.8421875 0.7140625 0.846875 0.7171875 0.85 0.725 0.8546875 0.796875 0.8515625 0.8109375 0.83125 0.8140625 0.828125 0.803125 0.8296875 0.79375 0.828125 0.7640625 0.8234375 0.7390625 0.8296875 0.71875 0.8359375 0.7140625 0.840625 0.7140625
0 0.8484375 0.503125 0.8515625 0.50625 0.8515625 0.540625 0.8484375 0.5453125 0.840625 0.546875 0.79375 0.5453125 0.790625 0.5328125 0.790625 0.5109375 0.7953125 0.5046875 0.809375 0.5015625 0.8453125 0.5015625 0.846875 0.503125