0 0.5953125 0.2296875 0.6015625 0.234375 0.60625 0.2484375 0.6046875 0.3234375 0.6 0.3328125 0.5953125 0.3359375 0.5875 0.334375 0.58125 0.321875 0.58125 0.2453125 0.5828125 0.2375 0.5890625 0.23125 0.59375 0.2296875
0 0.834375 0.8265625 0.8296875 0.809375 0.8296875 0.76875 0.825 0.746875 0.8265625 0.7296875 0.83125 0.71875 0.8359375 0.715625 0.84375 0.715625 0.85 0.7234375 0.853125 0.740625 0.853125 0.7671875 0.85625 0.7875 0.8546875 0.8109375 0.8484375 0.815625 0.8375 0.815625 0.834375 0.825
0 0.45625 0.5875 0.4609375 0.584375 0.475 0.584375 0.48125 0.590625 0.4828125 0.603125 0.48125 0.6078125 0.48125 0.678125 0.4828125 0.6796875 0.48125 0.7203125 0.4734375 0.725 0.4578125 0.7234375 0.45625 0.6875 0.4546875 0.6859375 0.4546875 0.6390625 0.453125 0.6375 0.45625 0.5890625
0 0.946875 0.70625 0.9609375 0.7046875 0.96875 0.7125 0.9734375 0.74375 0.9734375 0.784375 0.975 0.7859375 0.975 0.8203125 0.971875 0.8296875 0.965625 0.834375 0.9578125 0.834375 0.9484375 0.825 0.94375 0.7828125 0.94375 0.7125 0.946875 0.7078125
0 0.8765625 0.0734375 0.8859375 0.078125 0.8875 0.0859375 0.8890625 0.1421875 0.890625 0.14375 0.890625 0.178125 0.8875 0.1859375 0.878125 0.1890625 0.86875 0.1875 0.865625 0.1734375 0.8625 0.0859375 0.865625 0.0765625 0.875 0.075
0 0.921875 0.7125 0.928125 0.7171875 0.93125 0.73125 0.9328125 0.821875 0.9296875 0.8296875 0.9203125 0.8359375 0.9078125 0.8296875 0.903125 0.796875 0.9046875 0.7171875 0.909375 0.7125 0.9203125 0.7125
0 0.8046875 0.73125 0.8078125 0.7328125 0.8125 0.7421875 0.815625 0.7703125 0.8140625 0.821875 0.809375 0.828125 0.796875 0.8265625 0.790625 0.80625 0.790625 0.771875 0.7875 0.7453125 0.7890625 0.7375 0.79375 0.7328125 0.803125 0.73125
0 0.903125 0.5234375 0.06484375 0.053125
0 0.7296875 0.509375 0.7453125 0.5046875 0.775 0.5046875 0.7796875 0.50625 0.7859375 0.5125 0.7875 0.521875 0.7875 0.5359375 0.7828125 0.5484375 0.775 0.5515625 0.734375 0.55 0.728125 0.5453125 0.7265625 0.5328125 0.7265625 0.5203125 0.7296875 0.5109375
0 0.99375 0.71875 0.9984375 0.71875 0.9984375 0.8328125 0.99375 0.8328125 0.990625 0.828125 0.990625 0.803125 0.9875 0.7796875 0.9890625 0.7375 0.990625 0.725 0.99375 0.7203125
0 0.4359375 0.2734375 0.4390625 0.275 0.440625 0.2796875 0.440625 0.378125 0.4390625 0.3859375 0.434375 0.3921875 0.4203125 0.3921875 0.4171875 0.3890625 0.4140625 0.36875 0.415625 0.278125 0.421875 0.271875 0.434375 0.2734375
0 0.29375 0.5125 0.2984375 0.5234375 0.2984375 0.54375 0.296875 0.5484375 0.284375 0.5515625 0.2765625 0.55 0.2515625 0.5515625 0.25 0.55 0.25 0.5234375 0.2578125 0.51875 0.271875 0.5171875 0.278125 0.5125 0.2921875 0.5125
0 0.9953125 0.4984375 0.9984375 0.5 0.9984375 0.546875 0.9953125 0.5484375 0.9609375 0.546875 0.95625 0.5453125 0.9515625 0.5375 0.9515625 0.5109375 0.9578125 0.5015625 0.99375 0.4984375
0 0.8890625 0.7234375 0.89375 0.7328125 0.896875 0.7609375 0.896875 0.8140625 0.89375 0.8265625 0.8875 0.8328125 0.878125 0.8328125 0.8734375 0.828125 0.8703125 0.8203125 0.86875 0.75 0.8671875 0.7484375 0.86875 0.728125 0.8765625 0.7234375 0.8875 0.7234375
0 0.7453125 0.3765625 0.7421875 0.3671875 0.74375 0.3390625 0.7515625 0.334375 0.7640625 0.3328125 0.7859375 0.334375 0.7828125 0.359375 0.784375 0.3671875 0.7875 0.3703125 0.7875 0.3765625 0.76875 0.3796875 0.7546875 0.3796875 0.746875 0.3765625
0 0.82265625 0.525 0.0625 0.046875
0 0.4515625 0.9421875 0.45625 0.9453125 0.4578125 0.95 0.459375 0.9984375 0.4359375 0.9984375 0.434375 0.975 0.4375 0.95 0.4421875 0.94375 0.45 0.9421875