0 0.1328125 0.45 0.140625 0.4578125 0.140625 0.4625 0.1109375 0.4609375 0.0984375 0.4484375 0.09375 0.4484375 0.090625 0.4453125 0.0890625 0.428125 0.09375 0.421875 0.103125 0.41875 0.1296875 0.41875 0.1328125 0.421875 0.1296875 0.4265625 0.128125 0.440625 0.128125 0.446875 0.13125 0.45
0 0.95625 0.70625 0.965625 0.7125 0.9703125 0.7421875 0.971875 0.825 0.965625 0.8359375 0.953125 0.8359375 0.9484375 0.83125 0.9453125 0.825 0.9453125 0.80625 0.9421875 0.7890625 0.9421875 0.75 0.9390625 0.740625 0.9421875 0.7296875 0.9421875 0.7125 0.946875 0.7078125 0.9546875 0.70625
0 0.875 0.13359375 0.02890625 0.11640625
0 0.9234375 0.7171875 0.928125 0.725 0.9296875 0.8 0.93125 0.8015625 0.9296875 0.8265625 0.9234375 0.8359375 0.909375 0.8359375 0.903125 0.828125 0.9015625 0.7765625 0.9 0.775 0.903125 0.7203125 0.90625 0.715625 0.9109375 0.7140625 0.921875 0.7171875
0 0.996875 0.7203125 0.9984375 0.721875 0.9984375 0.8375 0.990625 0.8359375 0.9890625 0.83125 0.9875 0.78125 0.9859375 0.7796875 0.9859375 0.7328125 0.990625 0.721875 0.9953125 0.7203125
0 0.8 0.7828125 0.02890625 0.0984375
0 0.9953125 0.5 0.9984375 0.503125 0.996875 0.51875 0.9984375 0.546875 0.996875 0.5484375 0.95625 0.5484375 0.9515625 0.54375 0.9484375 0.534375 0.9484375 0.5171875 0.9546875 0.5046875 0.9640625 0.5015625 0.99375 0.5
0 0.2890625 0.5140625 0.29375 0.51875 0.2953125 0.525 0.29375 0.55 0.290625 0.553125 0.253125 0.553125 0.2515625 0.5546875 0.2484375 0.553125 0.2484375 0.525 0.253125 0.521875 0.2671875 0.5203125 0.275 0.515625 0.2875 0.5140625
0 0.9234375 0.5 0.9296875 0.5046875 0.93125 0.5109375 0.9328125 0.5234375 0.93125 0.540625 0.928125 0.546875 0.925 0.5484375 0.909375 0.55 0.878125 0.55 0.871875 0.546875 0.8703125 0.509375 0.8734375 0.5046875 0.8796875 0.5015625 0.921875 0.5
0 0.20625 0.43125 0.2125 0.434375 0.2203125 0.4328125 0.2265625 0.4375 0.225 0.45 0.2296875 0.45625 0.2390625 0.459375 0.2390625 0.4671875 0.2375 0.4703125 0.203125 0.46875 0.196875 0.471875 0.1875 0.471875 0.1859375 0.465625 0.1921875 0.45625 0.1921875 0.45 0.196875 0.4390625 0.2046875 0.43125
0 0.9984375 0.4359375 0.9984375 0.478125 0.990625 0.4796875 0.9765625 0.478125 0.96875 0.4734375 0.9671875 0.4453125 0.9703125 0.4375 0.98125 0.434375 0.996875 0.4359375
0 0.86875 0.7265625 0.8859375 0.725 0.8890625 0.728125 0.8921875 0.7375 0.89375 0.771875 0.8953125 0.7734375 0.89375 0.8234375 0.890625 0.83125 0.8859375 0.8359375 0.8765625 0.8359375 0.871875 0.83125 0.8671875 0.81875 0.8671875 0.765625 0.8640625 0.746875 0.8640625 0.7375 0.86875 0.728125
0 0.7796875 0.509375 0.784375 0.51875 0.784375 0.54375 0.7796875 0.5515625 0.7671875 0.5546875 0.746875 0.5546875 0.728125 0.55 0.725 0.5453125 0.725 0.515625 0.728125 0.5109375 0.7375 0.5078125 0.7765625 0.5078125 0.778125 0.509375
0 0.840625 0.7171875 0.8453125 0.7203125 0.8484375 0.7265625 0.8515625 0.7546875 0.85 0.7578125 0.8515625 0.778125 0.853125 0.7796875 0.853125 0.8359375 0.8484375 0.8484375 0.834375 0.846875 0.8296875 0.8359375 0.8265625 0.80625 0.828125 0.7921875 0.8265625 0.790625 0.825 0.73125 0.8296875 0.7203125 0.834375 0.7171875 0.8390625 0.7171875
0 0.7875 0.375 0.784375 0.3796875 0.76875 0.38125 0.746875 0.38125 0.740625 0.375 0.740625 0.34375 0.7421875 0.340625 0.7453125 0.3375 0.7671875 0.3375 0.76875 0.3359375 0.784375 0.3375 0.78125 0.35 0.78125 0.3671875 0.7859375 0.375
0 0.9203125 0.40625 0.925 0.41875 0.925 0.4390625 0.921875 0.446875 0.9140625 0.4484375 0.909375 0.446875 0.8734375 0.4484375 0.86875 0.4375 0.86875 0.4171875 0.871875 0.409375 0.875 0.4078125 0.9046875 0.4078125 0.9125 0.4046875 0.91875 0.40625
0 0.80625 0.5046875 0.8078125 0.50625 0.8234375 0.50625 0.825 0.5046875 0.8484375 0.50625 0.8515625 0.53125 0.85 0.5453125 0.8453125 0.5484375 0.79375 0.5484375 0.7890625 0.5375 0.790625 0.5109375 0.796875 0.50625 0.8046875 0.50625