0 0.609375 0.68125 0.6125 0.6828125 0.615625 0.6890625 0.6171875 0.7125 0.615625 0.7140625 0.6109375 0.790625 0.609375 0.7984375 0.60625 0.8015625 0.5984375 0.8015625 0.590625 0.7984375 0.5875 0.7859375 0.5890625 0.784375 0.59375 0.6875 0.5984375 0.6796875 0.6078125 0.68125
0 0.11015625 0.440625 0.0421875 0.04296875
0 0.9453125 0.709375 0.959375 0.7078125 0.9671875 0.715625 0.9703125 0.7265625 0.971875 0.78125 0.9734375 0.7828125 0.9734375 0.8 0.971875 0.8015625 0.9734375 0.821875 0.96875 0.834375 0.9671875 0.8359375 0.9515625 0.8359375 0.946875 0.828125 0.946875 0.8125 0.9421875 0.784375 0.94375 0.778125 0.9421875 0.746875 0.940625 0.7453125 0.9421875 0.7140625 0.9453125 0.7109375
0 0.7765625 0.5078125 0.7828125 0.5125 0.7859375 0.5359375 0.784375 0.546875 0.778125 0.553125 0.7734375 0.5546875 0.74375 0.5546875 0.7296875 0.5515625 0.725 0.54375 0.725 0.5171875 0.7265625 0.5125 0.7390625 0.5078125 0.775 0.5078125
0 0.9078125 0.8359375 0.903125 0.8265625 0.9015625 0.8109375 0.903125 0.8078125 0.9015625 0.8046875 0.9015625 0.7328125 0.9046875 0.71875 0.9125 0.7140625 0.9234375 0.7171875 0.928125 0.7234375 0.9296875 0.73125 0.93125 0.8203125 0.928125 0.8328125 0.925 0.8359375 0.909375 0.8359375
0 0.20625 0.43125 0.2171875 0.4390625 0.2234375 0.4390625 0.2265625 0.453125 0.2390625 0.459375 0.2390625 0.4671875 0.2375 0.4703125 0.221875 0.4703125 0.2109375 0.4671875 0.196875 0.471875 0.1859375 0.471875 0.184375 0.46875 0.190625 0.459375 0.1921875 0.45 0.1984375 0.4359375 0.2046875 0.43125
0 0.9984375 0.721875 0.9984375 0.8375 0.990625 0.834375 0.9875 0.821875 0.9875 0.76875 0.9859375 0.7671875 0.9875 0.7609375 0.9859375 0.734375 0.9890625 0.725 0.9921875 0.721875 0.996875 0.721875
0 0.9171875 0.4046875 0.925 0.4125 0.925 0.4421875 0.921875 0.446875 0.915625 0.4484375 0.909375 0.446875 0.875 0.4484375 0.8703125 0.4421875 0.86875 0.43125 0.8703125 0.4125 0.8734375 0.409375 0.8765625 0.4078125 0.9078125 0.4078125 0.915625 0.4046875
0 0.99375 0.5 0.9984375 0.503125 0.996875 0.5171875 0.9984375 0.546875 0.996875 0.5484375 0.95625 0.5484375 0.9515625 0.54375 0.9484375 0.5265625 0.95 0.5125 0.9546875 0.5046875 0.965625 0.5015625 0.9921875 0.5
0 0.7890625 0.7375 0.7953125 0.734375 0.803125 0.734375 0.8078125 0.7375 0.8125 0.7578125 0.8125 0.7796875 0.815625 0.796875 0.8125 0.80625 0.8109375 0.828125 0.80625 0.83125 0.7984375 0.83125 0.790625 0.8234375 0.790625 0.815625 0.7875 0.8078125 0.7890625 0.775 0.7859375 0.7515625 0.7890625 0.7390625
0 0.2859375 0.5140625 0.2921875 0.5171875 0.2953125 0.525 0.29375 0.55 0.2859375 0.5546875 0.2703125 0.553125 0.25 0.5546875 0.2484375 0.553125 0.246875 0.54375 0.2484375 0.525 0.2546875 0.521875 0.26875 0.5203125 0.275 0.515625 0.284375 0.515625
0 0.928125 0.5015625 0.9328125 0.5140625 0.93125 0.54375 0.9265625 0.5484375 0.9125 0.55 0.8734375 0.5484375 0.8703125 0.5421875 0.8703125 0.5109375 0.8734375 0.5046875 0.8796875 0.5015625 0.90625 0.5015625 0.9078125 0.5 0.925 0.5 0.9265625 0.5015625
0 0.4671875 0.39375 0.4765625 0.4 0.478125 0.40625 0.478125 0.5 0.475 0.5109375 0.4625 0.5109375 0.45625 0.5015625 0.4546875 0.403125 0.459375 0.396875 0.465625 0.3953125
0 0.9984375 0.4359375 0.9984375 0.4796875 0.9796875 0.4796875 0.9734375 0.478125 0.965625 0.471875 0.9671875 0.4390625 0.98125 0.434375 0.996875 0.4359375
0 0.8859375 0.725 0.890625 0.7296875 0.8953125 0.7625 0.8953125 0.8171875 0.8890625 0.8359375 0.8828125 0.8375 0.8734375 0.834375 0.8671875 0.8171875 0.865625 0.7328125 0.8734375 0.725 0.884375 0.725
0 0.83984375 0.784375 0.0328125 0.134375
0 0.76484375 0.359375 0.05 0.04609375
0 0.8453125 0.5046875 0.85 0.5078125 0.8515625 0.5125 0.85 0.5453125 0.846875 0.5484375 0.8046875 0.5484375 0.803125 0.55 0.79375 0.5484375 0.790625 0.54375 0.790625 0.5125 0.7921875 0.509375 0.796875 0.50625 0.84375 0.5046875