0 0.953125 0.8328125 0.9484375 0.825 0.9484375 0.8078125 0.9453125 0.7984375 0.9453125 0.771875 0.94375 0.7703125 0.94375 0.7140625 0.9453125 0.709375 0.9515625 0.7046875 0.9640625 0.70625 0.9703125 0.7171875 0.9734375 0.740625 0.9734375 0.7796875 0.975 0.78125 0.9734375 0.828125 0.9703125 0.8328125 0.9625 0.8359375 0.9546875 0.8328125
0 0.884375 0.075 0.8875 0.0828125 0.8875 0.0984375 0.8890625 0.1 0.890625 0.178125 0.8875 0.1859375 0.8828125 0.1875 0.8703125 0.1875 0.8671875 0.18125 0.8640625 0.1484375 0.8640625 0.0890625 0.8625 0.0875 0.86875 0.075 0.8828125 0.075
0 0.9234375 0.7140625 0.9296875 0.7203125 0.93125 0.7671875 0.9328125 0.76875 0.9328125 0.8234375 0.925 0.8359375 0.9109375 0.834375 0.90625 0.8265625 0.9046875 0.815625 0.9046875 0.7203125 0.909375 0.7125 0.921875 0.7140625
0 0.99375 0.71875 0.9984375 0.71875 0.9984375 0.834375 0.9953125 0.834375 0.990625 0.8265625 0.990625 0.8015625 0.9875 0.7796875 0.9890625 0.7375 0.990625 0.725 0.99375 0.7203125
0 0.80625 0.7328125 0.8125 0.7421875 0.815625 0.771875 0.8140625 0.8234375 0.8109375 0.828125 0.80625 0.8296875 0.7984375 0.828125 0.79375 0.8203125 0.790625 0.80625 0.790625 0.7625 0.7890625 0.7609375 0.7890625 0.7390625 0.796875 0.7328125 0.8015625 0.73125 0.8046875 0.7328125
0 0.446875 0.559375 0.4515625 0.56875 0.4515625 0.6109375 0.453125 0.6125 0.453125 0.6609375 0.4515625 0.66875 0.446875 0.6734375 0.4359375 0.6734375 0.43125 0.6671875 0.4296875 0.63125 0.428125 0.6296875 0.428125 0.5953125 0.43125 0.5640625 0.4375 0.559375 0.4453125 0.559375
0 0.90390625 0.52421875 0.065625 0.0515625
0 0.29375 0.5125 0.2984375 0.525 0.2984375 0.54375 0.296875 0.5484375 0.2859375 0.5515625 0.2765625 0.55 0.2515625 0.5515625 0.25 0.55 0.25 0.521875 0.25625 0.51875 0.271875 0.5171875 0.278125 0.5125 0.2921875 0.5125
0 0.4734375 0.271875 0.4796875 0.275 0.48125 0.2796875 0.48125 0.4 0.4796875 0.4046875 0.4703125 0.4109375 0.459375 0.4078125 0.4546875 0.3984375 0.453125 0.30625 0.45625 0.275 0.4609375 0.271875 0.471875 0.271875
0 0.9984375 0.5 0.9984375 0.546875 0.996875 0.5484375 0.959375 0.546875 0.9546875 0.54375 0.9515625 0.534375 0.9515625 0.5125 0.95625 0.503125 0.9671875 0.5 0.996875 0.5
0 0.890625 0.725 0.89375 0.7328125 0.896875 0.759375 0.896875 0.8171875 0.8921875 0.83125 0.8875 0.834375 0.8796875 0.834375 0.875 0.83125 0.86875 0.8140625 0.86875 0.74375 0.8671875 0.7375 0.871875 0.725 0.8765625 0.7234375 0.8890625 0.725
0 0.8421875 0.715625 0.85 0.721875 0.8515625 0.7265625 0.85625 0.7921875 0.853125 0.815625 0.8484375 0.8171875 0.8375 0.815625 0.834375 0.8203125 0.83125 0.81875 0.8296875 0.8109375 0.828125 0.759375 0.825 0.7375 0.83125 0.71875 0.8359375 0.715625 0.840625 0.715625
0 0.7296875 0.5484375 0.7265625 0.528125 0.728125 0.5125 0.7375 0.50625 0.76875 0.50625 0.7703125 0.5046875 0.7796875 0.50625 0.7859375 0.5125 0.7875 0.5390625 0.784375 0.5484375 0.775 0.5515625 0.7453125 0.5515625 0.73125 0.5484375
0 0.7453125 0.3375 0.7625 0.3328125 0.7859375 0.334375 0.784375 0.3640625 0.7890625 0.3734375 0.7859375 0.378125 0.7703125 0.378125 0.76875 0.3796875 0.7515625 0.3796875 0.7453125 0.3765625 0.7421875 0.365625 0.7421875 0.3515625 0.7453125 0.3390625
0 0.85 0.5046875 0.853125 0.509375 0.853125 0.540625 0.8484375 0.546875 0.8390625 0.5484375 0.7953125 0.546875 0.7921875 0.5421875 0.7921875 0.509375 0.796875 0.5046875 0.803125 0.503125 0.8390625 0.5015625 0.8484375 0.5046875