3 0.5734375 0.5234375 0.575 0.525 0.5984375 0.525 0.6015625 0.528125 0.615625 0.5296875 0.615625 0.6328125 0.6171875 0.634375 0.6171875 0.684375 0.615625 0.6875 0.61875 0.7078125 0.6171875 0.715625 0.6203125 0.7234375 0.6171875 0.734375 0.6171875 0.753125 0.615625 0.7546875 0.6171875 0.765625 0.6140625 0.7703125 0.621875 0.79375 0.6296875 0.8 0.6296875 0.8046875 0.634375 0.8078125 0.6375 0.8171875 0.640625 0.81875 0.64375 0.8171875 0.6484375 0.8203125 0.65625 0.81875 0.6609375 0.8 0.659375 0.790625 0.6625 0.7859375 0.6625 0.75 0.646875 0.728125 0.6328125 0.721875 0.6328125 0.7140625 0.6296875 0.7109375 0.634375 0.7078125 0.634375 0.6921875 0.6375 0.684375 0.6375 0.6625 0.6390625 0.6609375 0.6375 0.65 0.640625 0.6296875 0.6453125 0.625 0.653125 0.6234375 0.6671875 0.6265625 0.6671875 0.6296875 0.6734375 0.6359375 0.678125 0.6375 0.6828125 0.675 0.6828125 0.7359375 0.6859375 0.7453125 0.684375 0.7484375 0.6890625 0.7546875 0.6953125 0.775 0.725 0.784375 0.7390625 0.7875 0.7515625 0.7875 0.7765625 0.7953125 0.7890625 0.7953125 0.8015625 0.8 0.8328125 0.8046875 0.859375 0.8125 0.8703125 0.8125 0.8859375 0.8171875 0.9140625 0.8203125 0.925 0.825 0.9421875 0.8265625 0.9484375 0.8296875 0.971875 0.8328125 0.9859375 0.8375 0.9984375 0.8375 0.9984375 0.9546875 0.996875 0.9640625 0.99375 0.9671875 0.9890625 0.9671875 0.9875 0.9703125 0.984375 0.96875 0.9828125 0.9703125 0.990625 0.9796875 0.9875 0.9859375 0.9828125 0.9828125 0.9828125 0.9765625 0.9765625 0.9703125 0.9734375 0.9765625 0.971875 0.9734375 0.9625 0.975 0.959375 0.978125 0.965625 0.98125 0.9671875 0.984375 0.9640625 0.98125 0.953125 0.9890625 0.95 0.996875 0.9421875 0.9984375 0.9265625 0.9953125 0.921875 0.996875 0.9109375 0.9953125 0.909375 0.9828125 0.9109375 0.9671875 0.909375 0.95625 0.90625 0.953125 0.8953125 0.9640625 0.8953125 0.96875 0.884375 0.9921875 0.8796875 0.9921875 0.875 0.9953125 0.865625 0.9828125 0.8671875 0.9609375 0.8640625 0.93125 0.859375 0.9265625 0.8515625 0.9265625 0.8484375 0.9234375 0.8390625 0.925 0.8359375 0.921875 0.828125 0.921875 0.825 0.925 0.8234375 0.940625 0.8125 0.95 0.809375 0.971875 0.8046875 0.978125 0.8046875 0.9828125 0.7984375 0.9875 0.79375 0.9984375 0.7015625 0.9984375 0.7 0.996875 0.6984375 0.9984375 0.6234375 0.9984375 0.6171875 0.99375 0.6109375 0.98125 0.6046875 0.98125 0.6015625 0.9765625 0.596875 0.978125 0.5875 0.9765625 0.584375 0.9796875 0.575 0.98125 0.56875 0.965625 0.5640625 0.9625 0.5578125 0.9640625 0.5546875 0.9609375 0.55 0.965625 0.5375 0.9671875 0.534375 0.9703125 0.534375 0.98125 0.53125 0.984375 0.5296875 0.9953125 0.5234375 0.9984375 0.5171875 0.9984375 0.5140625 0.990625 0.515625 0.9890625 0.5140625 0.96875 0.509375 0.95625 0.5015625 0.9515625 0.496875 0.959375 0.4890625 0.984375 0.48125 0.9890625 0.4703125 0.9890625 0.4625 0.9859375 0.44375 0.9703125 0.4390625 0.9609375 0.440625 0.940625 0.4359375 0.9359375 0.4359375 0.93125 0.4328125 0.9265625 0.421875 0.9234375 0.41875 0.9203125 0.4125 0.8984375 0.4125 0.8890625 0.409375 0.8828125 0.409375 0.8515625 0.4109375 0.85 0.409375 0.790625 0.4046875 0.7828125 0.4046875 0.778125 0.396875 0.771875 0.39375 0.7640625 0.3890625 0.7609375 0.3859375 0.7546875 0.3859375 0.728125 0.38125 0.721875 0.3796875 0.7078125 0.38125 0.68125 0.384375 0.6765625 0.4078125 0.678125 0.4140625 0.675 0.4234375 0.6609375 0.4328125 0.640625 0.446875 0.625 0.4796875 0.596875 0.4828125 0.590625 0.496875 0.575 0.50625 0.56875 0.509375 0.5625 0.521875 0.55 0.5546875 0.528125 0.571875 0.5234375
3 0.2578125 0 0.2765625 0 0.278125 0.003125 0.278125 0.0296875 0.275 0.03125 0.265625 0.028125 0.2578125 0.03125 0.25625 0.01875 0.2578125 0.0171875 0.2578125 0.0015625
3 0.01875 0.2609375 0.0265625 0.2625 0.0328125 0.2578125 0.040625 0.25625 0.04375 0.2625 0.04375 0.275 0.05 0.2953125 0.053125 0.3359375 0.05625 0.346875 0.065625 0.3640625 0.06875 0.3796875 0.0671875 0.4046875 0.06875 0.40625 0.0703125 0.4546875 0.0609375 0.4609375 0.0234375 0.4640625 0.021875 0.453125 0.0171875 0.4484375 0.0140625 0.4265625 0.009375 0.4140625 0 0.4015625 0 0.2625 0.00625 0.265625 0.0171875 0.2625
3 0.1796875 0.08359375 0.0390625 0.08046875
3 0.1703125 0.2046875 0.178125 0.2171875 0.178125 0.23125 0.184375 0.24375 0.1828125 0.29375 0.1796875 0.2953125 0.171875 0.2859375 0.1703125 0.2875 0.1546875 0.2859375 0.14375 0.2984375 0.140625 0.2984375 0.13125 0.2734375 0.128125 0.221875 0.1421875 0.2046875 0.153125 0.2 0.16875 0.2046875
1 0.4328125 0.05703125 0.009375 0.03046875
1 0.4 0.0125 0.403125 0.015625 0.4015625 0.040625 0.4 0.0421875 0.396875 0.0359375 0.396875 0.015625 0.3984375 0.0140625
1 0.015625 0.45 0.0203125 0.4546875 0.0203125 0.465625 0.0140625 0.475 0.0125 0.484375 0.0171875 0.4984375 0.015625 0.521875 0.0125 0.5296875 0.0046875 0.5296875 0 0.5265625 0 0.4734375 0.0109375 0.4515625 0.0140625 0.45
1 0.4265625 0.025 0.428125 0.0265625 0.428125 0.04375 0.425 0.05 0.421875 0.0484375 0.421875 0.0265625 0.425 0.025
1 0.4703125 0.0515625 0.4734375 0.05625 0.4734375 0.0703125 0.4703125 0.08125 0.465625 0.0765625 0.465625 0.053125 0.46875 0.0515625
0 0.4703125 0.15625 0.4828125 0.1625 0.484375 0.1703125 0.4921875 0.1859375 0.490625 0.1875 0.4921875 0.196875 0.490625 0.23125 0.478125 0.228125 0.45625 0.228125 0.4484375 0.2125 0.4484375 0.175 0.4578125 0.1578125 0.46875 0.15625
0 0.4703125 0.0125 0.478125 0.025 0.4796875 0.0328125 0.4796875 0.0546875 0.4765625 0.0578125 0.4703125 0.0421875 0.4671875 0.04375 0.4625 0.0546875 0.4546875 0.0515625 0.45625 0.0203125 0.4609375 0.0125 0.46875 0.0125