3 0.5609375 0.534375 0.5640625 0.5375 0.5671875 0.5484375 0.5671875 0.6328125 0.565625 0.634375 0.565625 0.671875 0.5640625 0.6734375 0.5515625 0.6734375 0.5453125 0.6703125 0.54375 0.628125 0.5421875 0.6265625 0.54375 0.621875 0.54375 0.6015625 0.5421875 0.6 0.54375 0.540625 0.55 0.5328125 0.559375 0.534375
0 0.9484375 0.3859375 0.953125 0.390625 0.95625 0.4078125 0.9515625 0.4328125 0.9453125 0.4359375 0.91875 0.4359375 0.9171875 0.4375 0.896875 0.4375 0.890625 0.434375 0.8875 0.4234375 0.8875 0.4 0.890625 0.390625 0.8953125 0.3875 0.915625 0.3875 0.93125 0.384375 0.946875 0.3859375
0 0.215625 0.4203125 0.2203125 0.421875 0.2265625 0.43125 0.225 0.459375 0.221875 0.4640625 0.20625 0.4640625 0.2046875 0.465625 0.1890625 0.4640625 0.178125 0.465625 0.1765625 0.4625 0.1828125 0.4625 0.1875 0.459375 0.196875 0.4375 0.203125 0.4296875 0.203125 0.425 0.20625 0.421875 0.2140625 0.4203125
0 0.959375 0.7640625 0.03359375 0.13046875
0 0.90625 0.709375 0.9203125 0.7078125 0.928125 0.7125 0.9296875 0.7484375 0.93125 0.75 0.93125 0.821875 0.9234375 0.8296875 0.9171875 0.83125 0.9078125 0.825 0.9046875 0.815625 0.9046875 0.8 0.903125 0.7984375 0.903125 0.715625 0.90625 0.7109375
0 0.9921875 0.7125 0.9984375 0.7125 0.9984375 0.828125 0.9953125 0.828125 0.990625 0.8234375 0.9890625 0.778125 0.9875 0.7765625 0.9875 0.725 0.9921875 0.7140625
0 0.88125 0.0703125 0.8859375 0.078125 0.8875 0.0890625 0.8890625 0.175 0.8796875 0.184375 0.86875 0.184375 0.8671875 0.18125 0.8640625 0.165625 0.8640625 0.1328125 0.8625 0.13125 0.8625 0.1140625 0.8640625 0.1125 0.8625 0.078125 0.871875 0.0703125 0.8796875 0.0703125
0 0.8078125 0.728125 0.8125 0.7390625 0.815625 0.76875 0.8140625 0.815625 0.809375 0.8234375 0.7953125 0.8234375 0.79375 0.81875 0.790625 0.7625 0.7890625 0.7609375 0.790625 0.7296875 0.79375 0.7265625 0.80625 0.728125
0 0.2890625 0.50625 0.29375 0.5078125 0.2984375 0.515625 0.296875 0.54375 0.290625 0.5484375 0.2515625 0.5484375 0.2484375 0.5453125 0.2484375 0.51875 0.2515625 0.515625 0.275 0.5125 0.2796875 0.5078125 0.2875 0.5078125
0 0.903125 0.51875 0.0640625 0.0515625
0 0.8453125 0.4984375 0.8515625 0.5 0.853125 0.503125 0.853125 0.534375 0.8515625 0.5375 0.8484375 0.540625 0.840625 0.5421875 0.81875 0.5421875 0.8171875 0.54375 0.815625 0.5421875 0.7984375 0.5421875 0.7921875 0.5359375 0.790625 0.521875 0.7921875 0.5046875 0.796875 0.5 0.84375 0.4984375
0 0.2203125 0.4234375 0.2234375 0.425 0.2265625 0.434375 0.225 0.459375 0.221875 0.4640625 0.1890625 0.4640625 0.1875 0.4625 0.1953125 0.440625 0.2015625 0.434375 0.2046875 0.425 0.2125 0.421875 0.21875 0.4234375
0 0.4734375 0.125 0.478125 0.1328125 0.4796875 0.146875 0.478125 0.15625 0.4796875 0.1609375 0.4796875 0.190625 0.478125 0.1921875 0.4796875 0.2234375 0.4765625 0.2390625 0.4609375 0.2390625 0.459375 0.2375 0.459375 0.2171875 0.4578125 0.215625 0.4578125 0.1375 0.459375 0.1296875 0.4640625 0.125 0.471875 0.125
0 0.996875 0.49375 0.9984375 0.4953125 0.9984375 0.5140625 0.996875 0.515625 0.9984375 0.5171875 0.9984375 0.540625 0.9953125 0.5421875 0.9921875 0.540625 0.959375 0.540625 0.9515625 0.5328125 0.953125 0.5 0.96875 0.4953125 0.9953125 0.49375
0 0.8671875 0.775 0.86875 0.7734375 0.8671875 0.7375 0.865625 0.7359375 0.8671875 0.725 0.8765625 0.7171875 0.8875 0.7171875 0.89375 0.7296875 0.896875 0.759375 0.8953125 0.8171875 0.89375 0.821875 0.8875 0.8265625 0.88125 0.8265625 0.871875 0.821875 0.86875 0.8140625 0.86875 0.7765625
0 0.78125 0.5015625 0.7859375 0.5109375 0.7859375 0.5390625 0.78125 0.5453125 0.76875 0.5484375 0.7390625 0.546875 0.73125 0.54375 0.7265625 0.5359375 0.7265625 0.5140625 0.7296875 0.5046875 0.7390625 0.5 0.778125 0.5 0.7796875 0.5015625
0 0.846875 0.7125 0.8515625 0.7265625 0.853125 0.76875 0.8546875 0.7703125 0.8546875 0.8265625 0.8515625 0.840625 0.846875 0.84375 0.8375 0.8421875 0.83125 0.8296875 0.8296875 0.775 0.828125 0.7734375 0.828125 0.75625 0.825 0.746875 0.825 0.73125 0.8296875 0.715625 0.8390625 0.7109375 0.8453125 0.7125
0 0.74375 0.371875 0.7421875 0.3375 0.75 0.33125 0.784375 0.3265625 0.7875 0.33125 0.7828125 0.3390625 0.7828125 0.359375 0.7890625 0.3671875 0.7875 0.3734375 0.746875 0.3734375 0.7453125 0.371875
0 0.8265625 0.4109375 0.8375 0.4125 0.8421875 0.4203125 0.84375 0.425 0.8421875 0.45 0.834375 0.4578125 0.8015625 0.459375 0.8 0.4609375 0.7921875 0.459375 0.7859375 0.45625 0.784375 0.453125 0.7828125 0.425 0.7921875 0.415625 0.825 0.4109375
0 0.45625 0.8375 0.453125 0.7296875 0.45625 0.721875 0.4609375 0.7171875 0.46875 0.7171875 0.4734375 0.721875 0.4765625 0.7328125 0.475 0.8359375 0.4703125 0.8390625 0.4578125 0.8375