3 0.5890625 0.2375 0.5890625 0.284375 0.5875 0.2859375 0.58125 0.284375 0.5703125 0.2859375 0.56875 0.284375 0.56875 0.240625 0.571875 0.2359375 0.5875 0.2375
1 0.0890625 0.3765625 0.0953125 0.378125 0.1015625 0.3890625 0.1046875 0.4 0.1046875 0.4109375 0.096875 0.415625 0.0921875 0.421875 0.0875 0.421875 0.084375 0.4046875 0.0859375 0.403125 0.0859375 0.384375 0.0890625 0.378125
1 0.7 0.2890625 0.703125 0.3 0.7015625 0.3109375 0.6921875 0.315625 0.6890625 0.3140625 0.6890625 0.296875 0.6984375 0.2890625
2 0.8203125 0.00625 0.821875 0.0078125 0.821875 0.065625 0.81875 0.06875 0.7296875 0.06875 0.728125 0.0671875 0.728125 0.0125 0.73125 0.0078125 0.81875 0.00625
2 0.62265625 0.15078125 0.0296875 0.02109375
2 0.678125 0.2546875 0.675 0.2484375 0.675 0.2375 0.6796875 0.234375 0.6828125 0.240625 0.6828125 0.2484375 0.6796875 0.253125
2 0.15 0.2125 0.15625 0.2125 0.159375 0.2203125 0.159375 0.25 0.1578125 0.2546875 0.153125 0.25625 0.15 0.253125 0.15 0.2140625
2 0.5390625 0.1609375 0.540625 0.146875 0.5546875 0.14375 0.5671875 0.1453125 0.5671875 0.1609375 0.55625 0.1625 0.540625 0.1609375
2 0.425 0.159375 0.428125 0.1609375 0.428125 0.1671875 0.4234375 0.16875 0.421875 0.165625 0.4234375 0.1609375
2 0.25625 0.140625 0.03515625 0.025
2 0.9515625 0.2046875 0.953125 0.20625 0.953125 0.265625 0.9515625 0.2671875 0.9484375 0.2671875 0.940625 0.2609375 0.9359375 0.25 0.9359375 0.2421875 0.94375 0.2375 0.94375 0.2328125 0.9359375 0.2171875 0.9359375 0.2109375 0.940625 0.20625 0.95 0.2046875
2 0.365625 0.2328125 0.3640625 0.203125 0.3671875 0.1953125 0.371875 0.1953125 0.375 0.2015625 0.3734375 0.20625 0.375 0.225 0.3734375 0.23125 0.3671875 0.2328125
2 0.5328125 0.2453125 0.53125 0.2421875 0.5328125 0.2359375 0.5359375 0.2375 0.534375 0.2453125
2 0.1 0.3265625 0.03515625 0.05546875
2 0.4828125 0.1578125 0.484375 0.1609375 0.4765625 0.165625 0.465625 0.1640625 0.465625 0.1609375 0.4703125 0.1578125 0.48125 0.1578125
2 0.1578125 0.0296875 0.159375 0.0328125 0.1859375 0.034375 0.1890625 0.0546875 0.1859375 0.075 0.1625 0.075 0.1609375 0.0765625 0.1046875 0.075 0.1015625 0.071875 0.1015625 0.0375 0.103125 0.034375 0.1234375 0.034375 0.125 0.0328125 0.146875 0.034375 0.15625 0.0296875
2 0.38125 0.2015625 0.3875 0.203125 0.3875 0.21875 0.3890625 0.2203125 0.3875 0.2234375 0.3796875 0.221875 0.3796875 0.2046875 0.38125 0.203125
2 0.4234375 0.1609375 0.4421875 0.1609375 0.4421875 0.165625 0.43125 0.165625 0.425 0.16875 0.421875 0.1640625 0.4234375 0.1625
2 0.1140625 0.121875 0.121875 0.1234375 0.125 0.128125 0.1265625 0.2546875 0.115625 0.2640625 0.1 0.2640625 0.0984375 0.265625 0.0890625 0.2640625 0.0875 0.253125 0.0859375 0.125 0.1125 0.121875
2 0.421875 0.0109375 0.425 0.040625 0.421875 0.0734375 0.4171875 0.071875 0.415625 0.0734375 0.3984375 0.0734375 0.396875 0.071875 0.39375 0.0734375 0.328125 0.0734375 0.3265625 0.071875 0.3265625 0.0140625 0.328125 0.0125 0.3765625 0.0125 0.378125 0.0109375 0.4171875 0.0125 0.4203125 0.0109375
2 0.696875 0.1359375 0.7078125 0.140625 0.709375 0.1484375 0.70625 0.15625 0.6828125 0.15625 0.68125 0.1546875 0.68125 0.1359375 0.6828125 0.134375 0.6953125 0.1359375
2 0.6203125 0.040625 0.1171875 0.0640625
0 0.478125 0.359375 0.4828125 0.3609375 0.4875 0.3671875 0.4921875 0.3796875 0.4953125 0.4 0.4984375 0.403125 0.5078125 0.4046875 0.509375 0.409375 0.5078125 0.4171875 0.5 0.421875 0.50625 0.4703125 0.5046875 0.4734375 0.50625 0.4765625 0.50625 0.525 0.5046875 0.5296875 0.4953125 0.528125 0.4921875 0.521875 0.4796875 0.5109375 0.428125 0.5109375 0.415625 0.5171875 0.415625 0.5265625 0.4125 0.53125 0.4078125 0.5328125 0.4046875 0.53125 0.403125 0.5265625 0.403125 0.5 0.4015625 0.4984375 0.4015625 0.4578125 0.40625 0.4375 0.40625 0.4234375 0.3984375 0.4171875 0.396875 0.4140625 0.3984375 0.4078125 0.4015625 0.4046875 0.409375 0.4046875 0.4125 0.4015625 0.4140625 0.390625 0.4171875 0.3859375 0.4171875 0.378125 0.425 0.3625 0.440625 0.359375 0.4765625 0.359375
0 0.5421875 0.26875 0.5484375 0.26875 0.5546875 0.278125 0.5546875 0.296875 0.55 0.3 0.546875 0.2984375 0.546875 0.2875 0.5421875 0.2703125
0 0.515625 0.315625 0.5140625 0.29375 0.509375 0.28125 0.5109375 0.2765625 0.51875 0.2765625 0.521875 0.28125 0.528125 0.30625 0.5265625 0.31875 0.5171875 0.315625
0 0.53125 0.271875 0.5390625 0.29375 0.5390625 0.3046875 0.5359375 0.3078125 0.5296875 0.30625 0.5265625 0.2875 0.5203125 0.2765625 0.521875 0.271875 0.5296875 0.271875
0 0.64375 0.3109375 0.6421875 0.290625 0.64375 0.2859375 0.65 0.2796875 0.65 0.275 0.653125 0.2703125 0.6671875 0.2703125 0.675 0.275 0.678125 0.2875 0.678125 0.30625 0.675 0.3125 0.6625 0.309375 0.6453125 0.3109375
0 0.5671875 0.2671875 0.5671875 0.2859375 0.5625 0.2890625 0.55625 0.2859375 0.5546875 0.271875 0.559375 0.265625 0.565625 0.2671875
0 0.4734375 0.30078125 0.02421875 0.04296875
0 0.5453125 0.26875 0.546875 0.2796875 0.5515625 0.2890625 0.5515625 0.2953125 0.5453125 0.3015625 0.540625 0.2984375 0.534375 0.2734375 0.5359375 0.26875 0.54375 0.26875
0 0.50625 0.2765625 0.509375 0.2796875 0.5125 0.29375 0.5140625 0.321875 0.5109375 0.3234375 0.5015625 0.31875 0.4953125 0.31875 0.490625 0.3234375 0.4859375 0.3234375 0.484375 0.3203125 0.4859375 0.3109375 0.484375 0.296875 0.4890625 0.2796875 0.49375 0.2765625 0.5046875 0.2765625
0 0.6453125 0.2703125 0.6484375 0.271875 0.6484375 0.2796875 0.640625 0.2890625 0.640625 0.3015625 0.6359375 0.3 0.6328125 0.3046875 0.6296875 0.3046875 0.63125 0.278125 0.6359375 0.271875 0.64375 0.2703125