0 0.9046875 0.3875 0.9109375 0.4 0.909375 0.43125 0.903125 0.4375 0.8796875 0.440625 0.878125 0.4390625 0.85 0.4390625 0.8453125 0.434375 0.84375 0.41875 0.8453125 0.396875 0.8484375 0.3921875 0.859375 0.3890625 0.903125 0.3875
0 0.9203125 0.49375 0.9296875 0.4953125 0.934375 0.5015625 0.9359375 0.5125 0.934375 0.534375 0.9265625 0.5421875 0.89375 0.5453125 0.878125 0.54375 0.8734375 0.5375 0.871875 0.53125 0.8734375 0.503125 0.8796875 0.496875 0.91875 0.49375
0 0.9625 0.7 0.965625 0.7015625 0.971875 0.71875 0.9734375 0.7671875 0.975 0.76875 0.975 0.81875 0.96875 0.828125 0.9625 0.8296875 0.9546875 0.828125 0.9484375 0.8203125 0.9484375 0.803125 0.9453125 0.7921875 0.9453125 0.7546875 0.94375 0.753125 0.9453125 0.7046875 0.95 0.7 0.9609375 0.7
0 0.7796875 0.415625 0.7859375 0.4265625 0.7859375 0.446875 0.78125 0.45625 0.765625 0.465625 0.75625 0.4671875 0.7421875 0.4734375 0.73125 0.4734375 0.728125 0.4703125 0.725 0.459375 0.725 0.4390625 0.734375 0.4296875 0.74375 0.425 0.7484375 0.425 0.76875 0.4140625 0.778125 0.415625
0 0.8828125 0.0703125 0.8875 0.0796875 0.8890625 0.090625 0.890625 0.175 0.88125 0.184375 0.86875 0.1828125 0.8640625 0.1453125 0.8640625 0.121875 0.865625 0.1203125 0.8640625 0.0765625 0.871875 0.0703125 0.878125 0.06875 0.88125 0.0703125
0 0.9234375 0.709375 0.9296875 0.7140625 0.93125 0.721875 0.9296875 0.7265625 0.93125 0.728125 0.93125 0.759375 0.9328125 0.7609375 0.9328125 0.8203125 0.9234375 0.8296875 0.9140625 0.8296875 0.9078125 0.8234375 0.9046875 0.8 0.9046875 0.715625 0.9125 0.7078125 0.921875 0.709375
0 0.8078125 0.728125 0.8109375 0.73125 0.815625 0.75625 0.815625 0.8109375 0.8140625 0.8203125 0.8109375 0.8234375 0.796875 0.8234375 0.79375 0.815625 0.790625 0.790625 0.7890625 0.7375 0.79375 0.728125 0.796875 0.7265625 0.80625 0.728125
0 0.4765625 0.8953125 0.48125 0.9 0.4828125 0.90625 0.4828125 0.9296875 0.48125 0.93125 0.4828125 0.9328125 0.4828125 0.996875 0.48125 0.9984375 0.465625 0.9984375 0.4625 0.975 0.4625 0.9421875 0.4609375 0.940625 0.4625 0.903125 0.4671875 0.896875 0.475 0.8953125
0 0.99375 0.7125 0.9984375 0.7125 0.9984375 0.8296875 0.9921875 0.8265625 0.990625 0.8203125 0.990625 0.7921875 0.9890625 0.790625 0.990625 0.7859375 0.9890625 0.784375 0.9890625 0.7265625 0.99375 0.7140625
0 0.29375 0.509375 0.2984375 0.515625 0.2984375 0.5421875 0.296875 0.5453125 0.290625 0.5484375 0.2515625 0.5484375 0.25 0.546875 0.25 0.525 0.2546875 0.515625 0.275 0.5125 0.278125 0.509375 0.2921875 0.509375
0 0.540625 0.328125 0.5421875 0.3265625 0.5421875 0.309375 0.540625 0.3078125 0.5421875 0.225 0.55 0.21875 0.5578125 0.21875 0.5625 0.2265625 0.5625 0.25 0.5640625 0.2515625 0.5625 0.3328125 0.559375 0.3359375 0.5453125 0.3359375 0.5421875 0.3296875
0 0.9984375 0.4953125 0.9984375 0.540625 0.996875 0.5421875 0.9578125 0.540625 0.953125 0.5359375 0.9515625 0.5265625 0.9515625 0.5125 0.9546875 0.5 0.9640625 0.496875 0.99375 0.49375 0.996875 0.4953125
0 0.8828125 0.77265625 0.03203125 0.1125
0 0.846875 0.7125 0.85 0.7171875 0.853125 0.734375 0.853125 0.75625 0.85625 0.7703125 0.85625 0.80625 0.8546875 0.8203125 0.853125 0.8140625 0.846875 0.815625 0.8390625 0.8140625 0.8359375 0.821875 0.83125 0.8140625 0.8296875 0.7984375 0.8296875 0.7640625 0.8265625 0.7484375 0.8265625 0.728125 0.834375 0.7125 0.8453125 0.7125
0 0.75859375 0.525 0.0609375 0.05
0 0.7859375 0.3265625 0.7875 0.3328125 0.784375 0.3375 0.7828125 0.35625 0.7890625 0.3671875 0.7890625 0.3734375 0.7734375 0.3734375 0.771875 0.375 0.75625 0.375 0.746875 0.3734375 0.74375 0.3703125 0.74375 0.3375 0.7453125 0.334375 0.753125 0.33125 0.784375 0.3265625
0 0.8421875 0.4984375 0.853125 0.5015625 0.8546875 0.5078125 0.853125 0.5375 0.85 0.540625 0.8296875 0.54375 0.796875 0.5421875 0.7921875 0.528125 0.7921875 0.509375 0.7984375 0.5 0.840625 0.4984375