3 0.5765625 0.2375 0.59375 0.2375 0.59375 0.2609375 0.5953125 0.2625 0.59375 0.2796875 0.590625 0.2828125 0.5890625 0.28125 0.5765625 0.2828125 0.575 0.2796875 0.5765625 0.2390625
1 0.2453125 0.3453125 0.25 0.3453125 0.2578125 0.3546875 0.25625 0.3703125 0.25 0.3765625 0.246875 0.3734375 0.24375 0.3625 0.2453125 0.346875
1 0.646875 0.2875 0.6515625 0.290625 0.6515625 0.3078125 0.65 0.3109375 0.646875 0.3109375 0.64375 0.29375 0.646875 0.2890625
2 0.8203125 0.0046875 0.8234375 0.009375 0.821875 0.0140625 0.8234375 0.021875 0.821875 0.065625 0.7921875 0.06875 0.73125 0.06875 0.728125 0.065625 0.728125 0.009375 0.73125 0.00625 0.7359375 0.0078125 0.7390625 0.00625 0.7875 0.0078125 0.81875 0.0046875
2 0.621875 0.15 0.02890625 0.01953125
2 0.484375 0.15625 0.4875 0.1578125 0.4875 0.1609375 0.48125 0.1640625 0.465625 0.1640625 0.465625 0.159375 0.4828125 0.15625
2 0.678125 0.2328125 0.68125 0.2359375 0.6828125 0.24375 0.68125 0.2578125 0.678125 0.2609375 0.6765625 0.259375 0.675 0.25 0.6765625 0.234375
2 0.15 0.2125 0.15625 0.2125 0.159375 0.21875 0.159375 0.25 0.15625 0.2546875 0.1515625 0.2546875 0.15 0.253125 0.15 0.2140625
2 0.3796875 0.221875 0.3796875 0.203125 0.3828125 0.2 0.3875 0.203125 0.3875 0.225 0.3828125 0.221875 0.3796875 0.2234375
2 0.5671875 0.14375 0.5671875 0.1609375 0.540625 0.1609375 0.5390625 0.159375 0.540625 0.1453125 0.565625 0.14375
2 0.425 0.1578125 0.428125 0.159375 0.428125 0.165625 0.425 0.1671875 0.421875 0.165625 0.4234375 0.159375
2 0.2703125 0.1265625 0.271875 0.128125 0.271875 0.1484375 0.25625 0.1484375 0.2453125 0.1515625 0.2390625 0.15 0.2375 0.14375 0.2390625 0.128125 0.26875 0.1265625
2 0.940625 0.2609375 0.9359375 0.2484375 0.9359375 0.2421875 0.94375 0.234375 0.9375 0.221875 0.9359375 0.209375 0.9453125 0.2046875 0.95 0.2046875 0.953125 0.2078125 0.953125 0.2640625 0.9484375 0.265625 0.9421875 0.2609375
2 0.36875 0.19375 0.3734375 0.196875 0.3734375 0.23125 0.371875 0.2328125 0.3640625 0.23125 0.3640625 0.2 0.3671875 0.1953125
2 0.534375 0.240625 0.00546875 0.0125
2 0.0984375 0.3 0.1078125 0.3 0.109375 0.303125 0.1109375 0.321875 0.115625 0.3375 0.1140625 0.346875 0.1078125 0.3546875 0.1046875 0.3546875 0.09375 0.3453125 0.0875 0.334375 0.08125 0.3109375 0.0828125 0.3078125 0.0921875 0.30625 0.0984375 0.3015625
2 0.1578125 0.0203125 0.1578125 0.0296875 0.1609375 0.034375 0.1703125 0.03125 0.1859375 0.0328125 0.1890625 0.0421875 0.1890625 0.0640625 0.1859375 0.075 0.115625 0.075 0.1015625 0.071875 0.1 0.04375 0.103125 0.034375 0.1140625 0.0359375 0.125 0.0328125 0.134375 0.034375 0.15 0.0328125 0.153125 0.0296875 0.153125 0.021875 0.15625 0.0203125
2 0.425 0.1578125 0.4265625 0.159375 0.4421875 0.159375 0.4421875 0.1640625 0.425 0.1671875 0.421875 0.165625 0.4234375 0.159375
2 0.1234375 0.1234375 0.125 0.1265625 0.1265625 0.2546875 0.115625 0.2640625 0.0953125 0.2640625 0.09375 0.265625 0.0890625 0.2640625 0.0875 0.2609375 0.0859375 0.1234375 0.0875 0.121875 0.1203125 0.121875 0.121875 0.1234375
2 0.3265625 0.0125 0.421875 0.0109375 0.425 0.0359375 0.4234375 0.0703125 0.421875 0.071875 0.334375 0.0734375 0.3265625 0.0703125 0.3265625 0.0140625
2 0.6296875 0.0078125 0.63125 0.009375 0.675 0.0078125 0.6765625 0.009375 0.678125 0.0125 0.678125 0.0671875 0.6546875 0.0703125 0.6484375 0.06875 0.5640625 0.0703125 0.5625 0.06875 0.5625 0.0125 0.565625 0.009375 0.6 0.009375 0.6015625 0.0109375 0.628125 0.009375
2 0.68125 0.1359375 0.6984375 0.1359375 0.7078125 0.140625 0.70625 0.15625 0.6828125 0.15625 0.68125 0.1546875 0.68125 0.1375
0 0.2765625 0.2875 0.278125 0.303125 0.271875 0.315625 0.2578125 0.3140625 0.25625 0.303125 0.2640625 0.2875 0.275 0.2875
0 0.5703125 0.2625 0.5734375 0.2671875 0.5734375 0.275 0.5703125 0.2828125 0.5671875 0.284375 0.5625 0.2734375 0.5625 0.2640625 0.56875 0.2625
0 0.640625 0.2640625 0.6453125 0.2703125 0.64375 0.2890625 0.640625 0.29375 0.628125 0.2953125 0.625 0.29375 0.6265625 0.2671875 0.6328125 0.2625 0.6390625 0.2640625
0 0.509375 0.271875 0.5125 0.275 0.5125 0.2984375 0.509375 0.3015625 0.5 0.3015625 0.496875 0.3046875 0.49375 0.3015625 0.4953125 0.275 0.5 0.271875 0.5078125 0.271875
0 0.5328125 0.26875 0.5375 0.275 0.5390625 0.290625 0.5390625 0.3 0.5359375 0.30625 0.5265625 0.3015625 0.515625 0.3046875 0.5125 0.3 0.5140625 0.275 0.5203125 0.26875 0.53125 0.26875
0 0.915625 0.534375 0.9171875 0.5359375 0.9203125 0.534375 0.9234375 0.5359375 0.9703125 0.534375 0.9984375 0.5390625 0.9984375 0.5921875 0.9953125 0.596875 0.9953125 0.6109375 0.9984375 0.61875 0.9984375 0.7140625 0.9921875 0.7265625 0.9921875 0.7328125 0.9953125 0.7390625 0.9984375 0.740625 0.9984375 0.828125 0.996875 0.8296875 0.9984375 0.834375 0.9984375 0.996875 0.9953125 0.9984375 0.8921875 0.9984375 0.890625 0.996875 0.8453125 0.996875 0.84375 0.9984375 0.809375 0.9984375 0.8078125 0.996875 0.8015625 0.9984375 0.721875 0.9984375 0.71875 0.996875 0.715625 0.9984375 0.696875 0.9953125 0.6796875 0.996875 0.6765625 0.9953125 0.6734375 0.9859375 0.675 0.9828125 0.6734375 0.9671875 0.675 0.925 0.6765625 0.9234375 0.675 0.8296875 0.6765625 0.828125 0.6765625 0.7921875 0.678125 0.790625 0.6765625 0.7828125 0.6796875 0.7640625 0.68125 0.709375 0.684375 0.6953125 0.690625 0.6859375 0.69375 0.675 0.7 0.6671875 0.709375 0.6625 0.721875 0.646875 0.7359375 0.6140625 0.7453125 0.5984375 0.7515625 0.5765625 0.7625 0.5625 0.7671875 0.5625 0.7703125 0.559375 0.7953125 0.55 0.803125 0.55 0.8078125 0.546875 0.8375 0.540625 0.859375 0.5375 0.8984375 0.5375 0.9140625 0.534375
0 0.5546875 0.2640625 0.5578125 0.265625 0.5625 0.275 0.5625 0.2859375 0.559375 0.2890625 0.5546875 0.2890625 0.5453125 0.2671875 0.5484375 0.2640625 0.553125 0.2640625