0 0.4234375 0.3671875 0.4296875 0.375 0.4328125 0.3875 0.43125 0.4734375 0.4296875 0.4765625 0.425 0.478125 0.415625 0.4765625 0.4109375 0.471875 0.409375 0.45625 0.409375 0.3765625 0.4125 0.371875 0.421875 0.3671875
0 0.4703125 0.425 0.475 0.434375 0.4765625 0.4765625 0.475 0.478125 0.475 0.5421875 0.4734375 0.5484375 0.46875 0.55 0.4578125 0.55 0.453125 0.546875 0.453125 0.5265625 0.4515625 0.525 0.453125 0.51875 0.4515625 0.4375 0.4578125 0.425 0.46875 0.425
0 0.9453125 0.7046875 0.959375 0.703125 0.9671875 0.7125 0.9703125 0.725 0.971875 0.784375 0.9734375 0.7859375 0.9734375 0.8171875 0.9703125 0.828125 0.9671875 0.83125 0.95625 0.8328125 0.946875 0.8234375 0.94375 0.796875 0.94375 0.7703125 0.9421875 0.76875 0.9421875 0.7125 0.9453125 0.70625
0 0.88125 0.075 0.8859375 0.084375 0.8890625 0.1796875 0.8859375 0.1859375 0.8765625 0.1890625 0.8703125 0.1890625 0.8671875 0.1859375 0.8640625 0.171875 0.8625 0.08125 0.86875 0.075 0.8796875 0.075
0 0.9015625 0.7484375 0.903125 0.746875 0.903125 0.7171875 0.90625 0.7125 0.9234375 0.7125 0.928125 0.7203125 0.9296875 0.728125 0.93125 0.81875 0.925 0.83125 0.9109375 0.8328125 0.903125 0.8171875 0.903125 0.7875 0.9015625 0.7859375 0.9015625 0.753125 0.903125 0.75
0 0.9984375 0.7171875 0.9984375 0.8328125 0.99375 0.8328125 0.9890625 0.8234375 0.9890625 0.80625 0.9875 0.8046875 0.9875 0.778125 0.9890625 0.7765625 0.9859375 0.7625 0.9875 0.759375 0.9859375 0.7484375 0.9875 0.725 0.9921875 0.7171875 0.996875 0.7171875
0 0.8421875 0.7140625 0.8484375 0.7203125 0.8515625 0.7375 0.853125 0.809375 0.846875 0.8140625 0.834375 0.8140625 0.83125 0.8171875 0.828125 0.8 0.8296875 0.7984375 0.828125 0.7671875 0.8234375 0.740625 0.8265625 0.734375 0.8265625 0.7265625 0.83125 0.7171875 0.8359375 0.7140625 0.840625 0.7140625
0 0.29375 0.5125 0.2984375 0.5203125 0.2984375 0.546875 0.2921875 0.55 0.2578125 0.55 0.25625 0.5515625 0.2515625 0.5515625 0.25 0.5484375 0.2515625 0.521875 0.2578125 0.51875 0.271875 0.5171875 0.278125 0.5125 0.2921875 0.5125
0 0.928125 0.5 0.9328125 0.5109375 0.9328125 0.5359375 0.9265625 0.5453125 0.9125 0.5484375 0.878125 0.5484375 0.8734375 0.5453125 0.8703125 0.5359375 0.871875 0.50625 0.878125 0.5 0.909375 0.5 0.9109375 0.4984375 0.9265625 0.5
0 0.75625 0.528125 0.06171875 0.0484375
0 0.6046875 0.1171875 0.609375 0.121875 0.6125 0.1328125 0.6125 0.1515625 0.6109375 0.153125 0.6125 0.2203125 0.6078125 0.2328125 0.596875 0.234375 0.5921875 0.2328125 0.5890625 0.2265625 0.590625 0.2109375 0.5890625 0.1234375 0.5953125 0.1171875 0.603125 0.1171875
0 0.953125 0.503125 0.959375 0.5 0.98125 0.5 0.9828125 0.4984375 0.9984375 0.5 0.9984375 0.5171875 0.996875 0.51875 0.9984375 0.546875 0.95625 0.5453125 0.95 0.5359375 0.95 0.5125 0.953125 0.5046875
0 0.8828125 0.7203125 0.890625 0.725 0.89375 0.740625 0.8953125 0.8125 0.89375 0.8234375 0.890625 0.828125 0.8828125 0.8328125 0.8765625 0.83125 0.86875 0.8203125 0.8671875 0.8078125 0.86875 0.7875 0.8671875 0.7859375 0.865625 0.73125 0.86875 0.725 0.875 0.721875 0.88125 0.721875
0 0.60390625 0.70234375 0.025 0.11796875
0 0.7828125 0.334375 0.784375 0.340625 0.78125 0.3609375 0.7875 0.3765625 0.7609375 0.3796875 0.746875 0.378125 0.7421875 0.3734375 0.7421875 0.3578125 0.740625 0.35625 0.7421875 0.340625 0.74375 0.3375 0.7515625 0.334375 0.78125 0.334375
0 0.7890625 0.734375 0.79375 0.73125 0.8046875 0.73125 0.809375 0.7359375 0.8140625 0.7625 0.8125 0.821875 0.8078125 0.8265625 0.7984375 0.8265625 0.79375 0.8234375 0.790625 0.8109375 0.7921875 0.796875 0.7875 0.75 0.7890625 0.7359375
0 0.8484375 0.503125 0.8515625 0.50625 0.8515625 0.540625 0.8484375 0.5453125 0.840625 0.546875 0.79375 0.5453125 0.790625 0.5359375 0.790625 0.5109375 0.7953125 0.5046875 0.80625 0.5015625 0.8453125 0.5015625 0.846875 0.503125