0 0.234375 0.4515625 0.240625 0.453125 0.2421875 0.45625 0.240625 0.4609375 0.2359375 0.4640625 0.2234375 0.4625 0.203125 0.4625 0.196875 0.465625 0.184375 0.4640625 0.1921875 0.453125 0.1953125 0.4375 0.2046875 0.425 0.225 0.425 0.228125 0.428125 0.228125 0.446875 0.2328125 0.4515625
0 0.9984375 0.384375 0.9984375 0.4359375 0.9640625 0.4359375 0.95625 0.4328125 0.953125 0.425 0.953125 0.3921875 0.95625 0.3875 0.9640625 0.384375 0.996875 0.384375
0 0.83125 0.421875 0.8390625 0.4171875 0.875 0.4171875 0.8875 0.425 0.8921875 0.4375 0.890625 0.45625 0.8828125 0.465625 0.8375 0.4609375 0.83125 0.45625 0.8296875 0.45 0.83125 0.4234375
0 0.61875 0.58125 0.628125 0.5875 0.63125 0.59375 0.63125 0.6109375 0.6265625 0.628125 0.6234375 0.6734375 0.6203125 0.684375 0.615625 0.6890625 0.609375 0.6890625 0.6015625 0.6828125 0.6 0.6625 0.60625 0.6359375 0.6078125 0.6046875 0.6109375 0.5875 0.6171875 0.58125
0 0.9484375 0.8234375 0.9453125 0.8109375 0.9453125 0.790625 0.94375 0.7890625 0.9453125 0.7828125 0.9421875 0.75625 0.9421875 0.709375 0.946875 0.7 0.9609375 0.7 0.965625 0.7046875 0.96875 0.7125 0.971875 0.7421875 0.971875 0.775 0.9734375 0.7765625 0.971875 0.821875 0.9640625 0.828125 0.9546875 0.828125 0.95 0.8234375
0 0.775 0.5 0.78125 0.503125 0.7859375 0.515625 0.7859375 0.534375 0.7828125 0.54375 0.771875 0.5484375 0.75 0.5484375 0.7359375 0.546875 0.7296875 0.54375 0.7265625 0.540625 0.7265625 0.525 0.725 0.5234375 0.7265625 0.5078125 0.7328125 0.5015625 0.7734375 0.5
0 0.91875 0.7078125 0.928125 0.7140625 0.9296875 0.7203125 0.9296875 0.7625 0.93125 0.7640625 0.93125 0.8171875 0.9296875 0.8234375 0.921875 0.8296875 0.9140625 0.8296875 0.90625 0.8234375 0.903125 0.8125 0.903125 0.784375 0.9015625 0.7828125 0.903125 0.7140625 0.909375 0.7078125 0.9171875 0.7078125
0 0.55625 0.7625 0.546875 0.759375 0.5453125 0.7484375 0.5453125 0.7125 0.5421875 0.6875 0.54375 0.65 0.5546875 0.6453125 0.5625 0.65 0.5640625 0.65625 0.5640625 0.73125 0.5625 0.7328125 0.5640625 0.75 0.5625 0.7609375 0.5578125 0.7609375
0 0.8796875 0.0703125 0.8859375 0.0828125 0.8875 0.1390625 0.8890625 0.140625 0.8890625 0.1734375 0.8875 0.178125 0.8796875 0.184375 0.86875 0.184375 0.865625 0.1765625 0.8625 0.1453125 0.8625 0.09375 0.8609375 0.0921875 0.8625 0.0765625 0.86875 0.071875 0.878125 0.0703125
0 0.9953125 0.49375 0.9984375 0.4953125 0.9984375 0.5140625 0.996875 0.515625 0.9984375 0.5390625 0.9953125 0.5421875 0.9921875 0.540625 0.98125 0.5421875 0.95625 0.540625 0.9515625 0.5359375 0.95 0.5296875 0.95 0.509375 0.9515625 0.5015625 0.9546875 0.4984375 0.99375 0.49375
0 0.8015625 0.77578125 0.02890625 0.0984375
0 0.4609375 0.2390625 0.465625 0.2484375 0.465625 0.3109375 0.4640625 0.3125 0.465625 0.34375 0.4640625 0.3453125 0.4640625 0.3625 0.459375 0.3671875 0.4484375 0.3671875 0.44375 0.3609375 0.44375 0.3265625 0.4453125 0.325 0.44375 0.25 0.4453125 0.2421875 0.4484375 0.2390625 0.459375 0.2390625
0 0.2921875 0.509375 0.296875 0.5140625 0.2984375 0.5359375 0.296875 0.5421875 0.2890625 0.5484375 0.25 0.5484375 0.25 0.5171875 0.26875 0.5140625 0.284375 0.5078125 0.290625 0.509375
0 0.928125 0.4953125 0.9328125 0.5046875 0.9328125 0.53125 0.93125 0.5359375 0.925 0.5421875 0.9140625 0.54375 0.878125 0.54375 0.875 0.5421875 0.8703125 0.53125 0.871875 0.5015625 0.8765625 0.496875 0.8828125 0.4953125 0.9 0.4953125 0.9015625 0.49375 0.925 0.49375 0.9265625 0.4953125
0 0.990625 0.7125 0.9984375 0.7125 0.9984375 0.8296875 0.99375 0.828125 0.9890625 0.821875 0.9890625 0.80625 0.9875 0.8046875 0.9875 0.76875 0.9859375 0.7671875 0.984375 0.728125 0.990625 0.7140625
0 0.55 0 0.5671875 0 0.565625 0.003125 0.5671875 0.0625 0.565625 0.0640625 0.5515625 0.0640625 0.5484375 0.0609375 0.5484375 0.0421875 0.55 0.040625 0.5484375 0.0046875 0.55 0.0015625
0 0.8859375 0.7171875 0.890625 0.721875 0.89375 0.7359375 0.896875 0.784375 0.8953125 0.7859375 0.89375 0.8203125 0.8921875 0.8234375 0.8828125 0.828125 0.871875 0.8234375 0.86875 0.8140625 0.865625 0.7265625 0.871875 0.71875 0.884375 0.7171875
0 0.8453125 0.7109375 0.8484375 0.715625 0.8515625 0.7328125 0.8515625 0.759375 0.8546875 0.7890625 0.853125 0.809375 0.846875 0.8125 0.8453125 0.815625 0.8375 0.8140625 0.83125 0.8203125 0.828125 0.809375 0.8296875 0.7875 0.8234375 0.7328125 0.828125 0.715625 0.8359375 0.7109375 0.84375 0.7109375
0 0.7859375 0.3625 0.790625 0.36875 0.7890625 0.3734375 0.7546875 0.375 0.74375 0.3734375 0.7421875 0.3703125 0.740625 0.3609375 0.7421875 0.3359375 0.75 0.33125 0.778125 0.328125 0.784375 0.3296875 0.78125 0.3453125 0.784375 0.3625
0 0.8421875 0.4984375 0.85 0.5 0.8515625 0.503125 0.8515625 0.5359375 0.85 0.5390625 0.840625 0.5421875 0.8109375 0.5421875 0.809375 0.54375 0.796875 0.5421875 0.7921875 0.5375 0.790625 0.5328125 0.7921875 0.5046875 0.796875 0.5 0.840625 0.4984375