0 0.540625 0.9984375 0.540625 0.9859375 0.5421875 0.978125 0.5453125 0.975 0.5609375 0.9765625 0.5640625 0.996875 0.5625 0.9984375 0.5421875 0.9984375
0 0.128125 0.4125 0.1328125 0.4140625 0.13125 0.434375 0.140625 0.4421875 0.14375 0.4484375 0.1421875 0.4578125 0.1171875 0.4578125 0.0984375 0.4390625 0.0875 0.44375 0.0859375 0.4390625 0.0875 0.4203125 0.0921875 0.4140625 0.1265625 0.4125
0 0.959375 0.7640625 0.03359375 0.13046875
0 0.86875 0.1828125 0.8640625 0.165625 0.8640625 0.1421875 0.8625 0.140625 0.8640625 0.134375 0.8625 0.1328125 0.8625 0.0765625 0.8671875 0.071875 0.875 0.06875 0.8796875 0.06875 0.8859375 0.078125 0.8875 0.1234375 0.8890625 0.125 0.8890625 0.175 0.88125 0.1828125 0.8734375 0.184375 0.8703125 0.1828125
0 0.9203125 0.7078125 0.928125 0.7125 0.9296875 0.7171875 0.9296875 0.7484375 0.93125 0.75 0.93125 0.81875 0.9296875 0.8234375 0.921875 0.8296875 0.9140625 0.8296875 0.9078125 0.825 0.9046875 0.815625 0.9046875 0.7984375 0.903125 0.796875 0.9046875 0.7953125 0.903125 0.7890625 0.903125 0.715625 0.90625 0.709375 0.91875 0.7078125
0 0.953125 0.5 0.984375 0.49375 0.9984375 0.49375 0.9984375 0.540625 0.9953125 0.5421875 0.95625 0.5390625 0.9515625 0.534375 0.953125 0.5015625
0 0.8078125 0.728125 0.8125 0.740625 0.815625 0.7734375 0.8140625 0.8140625 0.809375 0.8234375 0.7953125 0.8234375 0.7921875 0.8171875 0.7890625 0.7921875 0.7890625 0.746875 0.7875 0.7453125 0.7890625 0.7328125 0.79375 0.7265625 0.80625 0.728125
0 0.2921875 0.5078125 0.296875 0.5125 0.2984375 0.5328125 0.2953125 0.54375 0.2890625 0.5484375 0.26875 0.5484375 0.2671875 0.546875 0.25 0.5484375 0.2484375 0.5390625 0.2515625 0.515625 0.2671875 0.5140625 0.2828125 0.5078125 0.290625 0.5078125
0 0.903125 0.51875 0.0640625 0.0515625
0 0.9984375 0.8296875 0.990625 0.8234375 0.9890625 0.7828125 0.9859375 0.7734375 0.9875 0.7703125 0.9875 0.725 0.990625 0.715625 0.99375 0.7125 0.9984375 0.7125 0.9984375 0.828125
0 0.434375 0.090625 0.4390625 0.1 0.4390625 0.2015625 0.4328125 0.2078125 0.425 0.2078125 0.41875 0.2046875 0.415625 0.1796875 0.4171875 0.175 0.415625 0.1734375 0.4171875 0.1 0.421875 0.090625 0.4265625 0.0890625 0.4328125 0.090625
0 0.9984375 0.428125 0.9984375 0.4734375 0.96875 0.471875 0.9609375 0.46875 0.95625 0.4609375 0.95625 0.4375 0.9625 0.428125 0.965625 0.4265625 0.9953125 0.4265625 0.996875 0.428125
0 0.8828125 0.715625 0.890625 0.721875 0.8921875 0.7265625 0.896875 0.7609375 0.8953125 0.8140625 0.89375 0.821875 0.8859375 0.8265625 0.8765625 0.8265625 0.8703125 0.8203125 0.86875 0.784375 0.8671875 0.7828125 0.865625 0.728125 0.871875 0.71875 0.88125 0.715625
0 0.828125 0.7984375 0.8296875 0.7828125 0.8234375 0.7359375 0.8296875 0.7140625 0.8375 0.7109375 0.846875 0.7125 0.8515625 0.7265625 0.853125 0.7703125 0.8546875 0.771875 0.853125 0.8265625 0.8484375 0.834375 0.8375 0.8359375 0.83125 0.825 0.8296875 0.8
0 0.7765625 0.5 0.7828125 0.5046875 0.7859375 0.5125 0.7859375 0.5359375 0.78125 0.5453125 0.7703125 0.5484375 0.7328125 0.5453125 0.7265625 0.5359375 0.7265625 0.5109375 0.7328125 0.5015625 0.7390625 0.5 0.775 0.5
0 0.765625 0.35078125 0.04921875 0.0484375
0 0.8625 0.4 0.8640625 0.4015625 0.8984375 0.4 0.9015625 0.4078125 0.9015625 0.434375 0.9 0.4390625 0.890625 0.4421875 0.8890625 0.440625 0.8515625 0.4421875 0.8484375 0.4390625 0.8453125 0.4296875 0.846875 0.40625 0.8515625 0.4015625 0.8609375 0.4
0 0.85 0.5 0.853125 0.5296875 0.8515625 0.5375 0.8390625 0.5421875 0.8328125 0.540625 0.7984375 0.5421875 0.7953125 0.540625 0.7921875 0.5359375 0.7921875 0.5203125 0.790625 0.51875 0.7921875 0.5046875 0.796875 0.5 0.81875 0.5 0.8203125 0.4984375 0.846875 0.4984375 0.8484375 0.5
0 0.2234375 0.425 0.228125 0.43125 0.2265625 0.446875 0.2328125 0.4515625 0.240625 0.453125 0.2421875 0.459375 0.234375 0.4640625 0.2078125 0.4625 0.1984375 0.465625 0.190625 0.465625 0.1859375 0.4625 0.1921875 0.4546875 0.1921875 0.45 0.2 0.43125 0.2046875 0.425 0.221875 0.425