0 0.128125 0.421875 0.125 0.428125 0.1234375 0.4609375 0.1109375 0.4609375 0.1015625 0.4484375 0.0921875 0.4484375 0.0890625 0.44375 0.0890625 0.4296875 0.09375 0.421875 0.1078125 0.4203125 0.1265625 0.421875
0 0.9984375 0.4359375 0.9984375 0.4796875 0.9765625 0.4796875 0.9671875 0.475 0.9640625 0.4703125 0.965625 0.4390625 0.9734375 0.4359375 0.996875 0.4359375
0 0.86875 0.728125 0.875 0.725 0.8859375 0.725 0.890625 0.7296875 0.89375 0.7421875 0.8953125 0.7828125 0.896875 0.784375 0.89375 0.828125 0.8890625 0.8359375 0.8796875 0.8375 0.8734375 0.834375 0.8671875 0.8171875 0.865625 0.734375 0.86875 0.7296875
0 0.9453125 0.709375 0.959375 0.7078125 0.9671875 0.7140625 0.9703125 0.725 0.971875 0.7765625 0.9734375 0.778125 0.9734375 0.825 0.9703125 0.8328125 0.9671875 0.8359375 0.95625 0.8375 0.9515625 0.8359375 0.946875 0.828125 0.946875 0.80625 0.94375 0.7890625 0.9421875 0.74375 0.940625 0.7421875 0.9421875 0.7140625 0.9453125 0.7109375
0 0.7796875 0.509375 0.784375 0.515625 0.7859375 0.5375 0.7828125 0.55 0.7734375 0.5546875 0.7421875 0.5546875 0.7296875 0.5515625 0.7265625 0.5484375 0.725 0.5390625 0.725 0.51875 0.7265625 0.5125 0.740625 0.5078125 0.7765625 0.5078125 0.778125 0.509375
0 0.9203125 0.40625 0.925 0.4125 0.925 0.44375 0.91875 0.4484375 0.909375 0.446875 0.875 0.4484375 0.8703125 0.440625 0.8703125 0.4140625 0.8734375 0.409375 0.91875 0.40625
0 0.2109375 0.434375 0.221875 0.44375 0.225 0.4515625 0.23125 0.4578125 0.2390625 0.4609375 0.2390625 0.4671875 0.2375 0.4703125 0.221875 0.4703125 0.2109375 0.4671875 0.1953125 0.471875 0.1859375 0.471875 0.184375 0.4671875 0.190625 0.459375 0.1921875 0.45 0.1984375 0.4359375 0.203125 0.4328125 0.209375 0.434375
0 0.9546875 0.5484375 0.95 0.5359375 0.95 0.515625 0.95625 0.5046875 0.9671875 0.5015625 0.996875 0.5015625 0.9984375 0.503125 0.996875 0.515625 0.9984375 0.546875 0.975 0.55 0.95625 0.5484375
0 0.803125 0.734375 0.809375 0.740625 0.8140625 0.7765625 0.8125 0.8234375 0.8109375 0.828125 0.803125 0.8328125 0.7953125 0.83125 0.790625 0.821875 0.7890625 0.775 0.7859375 0.7609375 0.7859375 0.75 0.7890625 0.7375 0.8015625 0.734375
0 0.8453125 0.7203125 0.8484375 0.725 0.8515625 0.7390625 0.8546875 0.8078125 0.8515625 0.8234375 0.8484375 0.8203125 0.8453125 0.8234375 0.8328125 0.825 0.8296875 0.8234375 0.828125 0.8125 0.825 0.734375 0.8265625 0.7265625 0.83125 0.7203125 0.834375 0.71875 0.84375 0.7203125
0 0.665625 0.5125 0.6671875 0.5296875 0.6625 0.540625 0.6609375 0.5515625 0.640625 0.6046875 0.6375 0.6109375 0.6328125 0.6125 0.6296875 0.6109375 0.61875 0.5953125 0.6203125 0.5765625 0.6296875 0.55625 0.6296875 0.5515625 0.6484375 0.5015625 0.6546875 0.5 0.6640625 0.5125
0 0.290625 0.515625 0.2953125 0.525 0.2953125 0.5453125 0.2921875 0.5515625 0.28125 0.5546875 0.2734375 0.553125 0.25 0.5546875 0.2484375 0.553125 0.2484375 0.525 0.25625 0.521875 0.265625 0.521875 0.275 0.515625 0.2890625 0.515625
0 0.925 0.5 0.9296875 0.503125 0.9328125 0.5125 0.9328125 0.5390625 0.9296875 0.546875 0.9171875 0.55 0.8921875 0.55 0.890625 0.5515625 0.8828125 0.5515625 0.8734375 0.5484375 0.871875 0.5453125 0.8703125 0.540625 0.871875 0.5078125 0.88125 0.5015625 0.9234375 0.5
0 0.9984375 0.721875 0.9984375 0.8375 0.9921875 0.8359375 0.990625 0.8328125 0.9890625 0.7984375 0.9875 0.796875 0.9875 0.73125 0.9890625 0.725 0.9921875 0.721875 0.996875 0.721875
0 0.921875 0.7171875 0.9265625 0.7203125 0.9296875 0.728125 0.9296875 0.7484375 0.93125 0.75 0.9296875 0.753125 0.93125 0.825 0.9265625 0.8359375 0.9078125 0.8359375 0.903125 0.825 0.903125 0.7921875 0.9015625 0.790625 0.903125 0.721875 0.9078125 0.715625 0.9125 0.7140625 0.9203125 0.7171875
0 0.74375 0.3390625 0.775 0.3359375 0.784375 0.3375 0.78125 0.35 0.78125 0.365625 0.7875 0.375 0.7875 0.378125 0.78125 0.38125 0.746875 0.38125 0.74375 0.3796875 0.740625 0.3734375 0.740625 0.3453125 0.74375 0.340625
0 0.8484375 0.50625 0.8515625 0.5125 0.85 0.546875 0.8484375 0.5484375 0.8171875 0.5484375 0.815625 0.55 0.8 0.55 0.7921875 0.546875 0.790625 0.54375 0.790625 0.5125 0.7984375 0.50625 0.8234375 0.50625 0.825 0.5046875 0.8453125 0.5046875 0.846875 0.50625