3 0.01875 0.153125 0.021875 0.1609375 0.021875 0.1703125 0.0265625 0.18125 0.0265625 0.215625 0.0296875 0.228125 0.0328125 0.3046875 0.0296875 0.3078125 0 0.3078125 0 0.1609375 0.0109375 0.159375 0.0171875 0.1546875
3 0.15 0.3328125 0.1515625 0.334375 0.19375 0.3328125 0.203125 0.334375 0.2046875 0.3375 0.20625 0.4203125 0.2109375 0.4359375 0.2109375 0.4765625 0.2140625 0.4875 0.2140625 0.509375 0.2203125 0.525 0.2828125 0.55625 0.290625 0.5625 0.2953125 0.5625 0.3171875 0.575 0.321875 0.575 0.36875 0.6 0.3734375 0.6 0.390625 0.609375 0.403125 0.6125 0.4171875 0.6234375 0.425 0.625 0.446875 0.6375 0.4515625 0.6375 0.5078125 0.665625 0.51875 0.6734375 0.5265625 0.675 0.5484375 0.6875 0.553125 0.6875 0.5734375 0.7 0.59375 0.70625 0.6046875 0.7125 0.6109375 0.7125 0.615625 0.715625 0.6234375 0.7140625 0.628125 0.7171875 0.6296875 0.7203125 0.6296875 0.7609375 0.628125 0.7625 0.6296875 0.76875 0.6296875 0.846875 0.63125 0.8484375 0.6296875 0.89375 0.625 0.8984375 0.609375 0.9046875 0.60625 0.9015625 0.6046875 0.89375 0.60625 0.86875 0.603125 0.865625 0.5953125 0.8640625 0.584375 0.8734375 0.5796875 0.8734375 0.5703125 0.8828125 0.5671875 0.88125 0.565625 0.8828125 0.565625 0.93125 0.55625 0.940625 0.5421875 0.9484375 0.5375 0.9390625 0.5375 0.91875 0.5359375 0.9171875 0.5265625 0.915625 0.515625 0.91875 0.509375 0.9234375 0.5015625 0.925 0.4921875 0.9234375 0.4859375 0.9203125 0.4734375 0.9078125 0.4640625 0.890625 0.4484375 0.8953125 0.4390625 0.8921875 0.43125 0.8859375 0.4265625 0.88125 0.4265625 0.878125 0.421875 0.8734375 0.415625 0.8609375 0.4046875 0.8625 0.4 0.865625 0.39375 0.865625 0.3828125 0.8609375 0.3734375 0.8515625 0.3703125 0.8375 0.3671875 0.834375 0.3640625 0.7875 0.359375 0.784375 0.3546875 0.7859375 0.3578125 0.784375 0.3578125 0.778125 0.3453125 0.7734375 0.3390625 0.7671875 0.3265625 0.7609375 0.31875 0.753125 0.3109375 0.7484375 0.303125 0.746875 0.3 0.7421875 0.29375 0.7390625 0.2890625 0.7390625 0.284375 0.7484375 0.28125 0.7484375 0.2765625 0.73125 0.26875 0.725 0.2578125 0.721875 0.246875 0.7125 0.2453125 0.71875 0.2484375 0.721875 0.2375 0.715625 0.23125 0.7171875 0.2265625 0.7109375 0.2203125 0.7109375 0.2203125 0.7078125 0.2234375 0.709375 0.225 0.70625 0.21875 0.7015625 0.2125 0.6890625 0.20625 0.6921875 0.1984375 0.690625 0.1875 0.6984375 0.18125 0.6984375 0.1796875 0.7 0.18125 0.703125 0.178125 0.7078125 0.171875 0.7046875 0.1703125 0.71875 0.165625 0.73125 0.153125 0.7359375 0.14375 0.7375 0.1390625 0.7359375 0.13125 0.7015625 0.1234375 0.6890625 0.115625 0.65625 0.1078125 0.6453125 0.1078125 0.6328125 0.1015625 0.603125 0.103125 0.553125 0.1015625 0.5515625 0.1 0.48125 0.096875 0.4671875 0.0875 0.4609375 0.0859375 0.440625 0.0828125 0.434375 0.0828125 0.41875 0.0859375 0.4125 0.0984375 0.409375 0.1015625 0.4046875 0.1046875 0.3765625 0.1078125 0.3734375 0.109375 0.3640625 0.1078125 0.3609375 0.109375 0.3390625 0.1484375 0.334375
3 0.1796875 0 0.203125 0 0.203125 0.0265625 0.2046875 0.028125 0.2046875 0.046875 0.203125 0.0484375 0.18125 0.0484375 0.178125 0.021875 0.1796875 0.0015625
1 0.55625 0.15 0.565625 0.15 0.5640625 0.1859375 0.5625 0.1875 0.5578125 0.1859375 0.5546875 0.18125 0.55625 0.1515625
1 0.478125 0.090625 0.48125 0.0890625 0.484375 0.090625 0.484375 0.115625 0.48125 0.121875 0.478125 0.11875 0.4765625 0.1046875 0.478125 0.0921875
1 0.4484375 0.0453125 0.00859375 0.03203125
1 0.496875 0.0515625 0.5 0.05625 0.4984375 0.084375 0.4953125 0.0859375 0.4921875 0.08125 0.4921875 0.059375 0.4953125 0.053125
1 0.49375 0.1109375 0.4953125 0.1125 0.49375 0.1484375 0.4890625 0.1484375 0.4859375 0.1375 0.4875 0.115625 0.4921875 0.1109375
1 0.44375 0.1140625 0.4421875 0.0875 0.4453125 0.084375 0.45 0.084375 0.4515625 0.0953125 0.45 0.1125 0.446875 0.115625 0.4453125 0.1140625
1 0.4703125 0.0671875 0.4734375 0.0671875 0.4765625 0.071875 0.4734375 0.0921875 0.46875 0.0859375 0.4703125 0.06875
1 0.4828125 0.09375 0.484375 0.0953125 0.484375 0.1171875 0.48125 0.121875 0.478125 0.1203125 0.4765625 0.10625 0.478125 0.0953125 0.48125 0.09375
0 0.3859375 0.025 0.396875 0.025 0.4015625 0.034375 0.4015625 0.05 0.3984375 0.0546875 0.396875 0.071875 0.3953125 0.0734375 0.3875 0.071875 0.3859375 0.0265625
0 0.9859375 0.7015625 0.9984375 0.7046875 0.9984375 0.8296875 0.996875 0.83125 0.9984375 0.884375 0.9625 0.88125 0.94375 0.875 0.903125 0.871875 0.896875 0.8796875 0.8921875 0.8984375 0.8859375 0.903125 0.8640625 0.896875 0.8578125 0.890625 0.8515625 0.865625 0.8484375 0.8625 0.8453125 0.8640625 0.840625 0.8609375 0.840625 0.85625 0.8359375 0.8546875 0.83125 0.8484375 0.8296875 0.8 0.834375 0.7859375 0.8359375 0.7703125 0.846875 0.753125 0.8515625 0.75 0.875 0.740625 0.9078125 0.7390625 0.95625 0.7015625 0.9625 0.7 0.984375 0.7015625
0 0.4046875 0 0.4234375 0 0.421875 0.009375 0.4078125 0.0078125 0.4046875 0.00625 0.4046875 0.0015625
0 0.415625 0.01875 0.421875 0.0359375 0.4203125 0.0515625 0.403125 0.0484375 0.4015625 0.0375 0.403125 0.01875 0.4046875 0.0171875 0.4140625 0.01875
0 0.103125 0.1 0.1109375 0.103125 0.11875 0.115625 0.121875 0.1375 0.1203125 0.1703125 0.1140625 0.1703125 0.109375 0.1671875 0.096875 0.1671875 0.09375 0.1703125 0.0890625 0.1703125 0.084375 0.1609375 0.08125 0.115625 0.0890625 0.1046875 0.096875 0.1 0.1015625 0.1
0 0.378125 0 0.396875 0 0.3953125 0.015625 0.3796875 0.0140625 0.378125 0.0015625
0 0.5578125 0.2859375 0.565625 0.2875 0.56875 0.290625 0.575 0.3109375 0.578125 0.3171875 0.584375 0.321875 0.58125 0.3359375 0.584375 0.34375 0.5859375 0.3703125 0.584375 0.3859375 0.58125 0.3921875 0.571875 0.3859375 0.5375 0.3859375 0.5359375 0.3875 0.5328125 0.3828125 0.5328125 0.3765625 0.521875 0.3546875 0.525 0.303125 0.534375 0.2875 0.55625 0.2859375
0 0.5375 0.0765625 0.5484375 0.1 0.55 0.134375 0.5203125 0.1328125 0.515625 0.1265625 0.5140625 0.10625 0.5171875 0.0875 0.525 0.0765625 0.5359375 0.0765625