0 0.609375 0.86875 0.6140625 0.875 0.6171875 0.8875 0.6171875 0.9703125 0.615625 0.984375 0.6078125 0.9921875 0.6015625 0.990625 0.596875 0.984375 0.596875 0.975 0.59375 0.9640625 0.59375 0.925 0.5921875 0.9234375 0.5953125 0.8734375 0.6015625 0.8671875 0.6078125 0.86875
0 0.846875 0.7125 0.853125 0.725 0.853125 0.7484375 0.85625 0.7671875 0.85625 0.83125 0.8546875 0.8359375 0.846875 0.84375 0.8421875 0.84375 0.834375 0.8359375 0.834375 0.8296875 0.83125 0.8234375 0.8296875 0.7609375 0.8265625 0.7484375 0.8265625 0.7296875 0.83125 0.715625 0.834375 0.7125 0.8453125 0.7125
0 0.446875 0 0.46875 0 0.46875 0.0203125 0.4640625 0.0265625 0.4515625 0.0265625 0.4484375 0.0234375 0.446875 0.0015625
0 0.9609375 0.765625 0.03359375 0.13203125
0 0.8828125 0.0703125 0.8875 0.075 0.890625 0.1 0.890625 0.178125 0.88125 0.184375 0.871875 0.184375 0.86875 0.1796875 0.865625 0.146875 0.865625 0.103125 0.8640625 0.1015625 0.865625 0.075 0.878125 0.06875 0.88125 0.0703125
0 0.9203125 0.709375 0.928125 0.7125 0.93125 0.7171875 0.93125 0.746875 0.9328125 0.7484375 0.9328125 0.8234375 0.921875 0.8328125 0.9140625 0.83125 0.90625 0.821875 0.90625 0.790625 0.9046875 0.7890625 0.9046875 0.7203125 0.90625 0.7125 0.9109375 0.709375 0.91875 0.709375
0 0.8078125 0.728125 0.8140625 0.7390625 0.8171875 0.765625 0.815625 0.8171875 0.8140625 0.8234375 0.809375 0.825 0.8015625 0.825 0.796875 0.8234375 0.7953125 0.8203125 0.790625 0.7859375 0.790625 0.746875 0.7890625 0.7453125 0.7890625 0.7390625 0.79375 0.7296875 0.8 0.7265625 0.80625 0.728125
0 0.421875 0.8421875 0.4328125 0.840625 0.4375 0.846875 0.4359375 0.95 0.4296875 0.9546875 0.421875 0.9546875 0.4140625 0.946875 0.4140625 0.9140625 0.41875 0.9109375 0.425 0.8984375 0.425 0.8828125 0.4203125 0.853125 0.421875 0.84375
0 0.43125 0.5125 0.434375 0.515625 0.4375 0.5265625 0.4375 0.590625 0.4359375 0.5921875 0.4359375 0.6234375 0.434375 0.63125 0.4296875 0.6359375 0.4171875 0.6359375 0.4140625 0.63125 0.4140625 0.6 0.4125 0.5984375 0.4125 0.528125 0.4140625 0.5203125 0.41875 0.5125 0.4296875 0.5125
0 0.5984375 0.4265625 0.603125 0.4328125 0.60625 0.44375 0.60625 0.515625 0.6046875 0.5171875 0.6046875 0.534375 0.6 0.54375 0.596875 0.5453125 0.5875 0.54375 0.584375 0.5375 0.5828125 0.4703125 0.58125 0.46875 0.584375 0.434375 0.5890625 0.428125 0.596875 0.4265625
0 0.9296875 0.4953125 0.9359375 0.5046875 0.9359375 0.53125 0.9328125 0.5390625 0.9234375 0.54375 0.903125 0.54375 0.9015625 0.5453125 0.8828125 0.5453125 0.8765625 0.5421875 0.8734375 0.534375 0.875 0.5015625 0.8828125 0.496875 0.8953125 0.4953125 0.928125 0.4953125
0 0.99375 0.7140625 0.9984375 0.7140625 0.9984375 0.8296875 0.99375 0.828125 0.990625 0.8171875 0.9890625 0.740625 0.990625 0.7390625 0.990625 0.7203125 0.99375 0.715625
0 0.275 0.52890625 0.05078125 0.04140625
0 0.775 0.5 0.784375 0.503125 0.7890625 0.51875 0.7890625 0.5328125 0.7859375 0.54375 0.775 0.5484375 0.74375 0.5484375 0.7328125 0.5453125 0.7296875 0.540625 0.7296875 0.525 0.728125 0.5234375 0.7296875 0.5078125 0.734375 0.503125 0.753125 0.5 0.7734375 0.5
0 0.996875 0.4953125 0.9984375 0.496875 0.9984375 0.5390625 0.9953125 0.5421875 0.990625 0.540625 0.9625 0.5421875 0.9578125 0.540625 0.953125 0.5328125 0.953125 0.50625 0.95625 0.5 0.9703125 0.496875 0.9953125 0.4953125
0 0.8875 0.7171875 0.89375 0.7234375 0.896875 0.740625 0.8984375 0.8109375 0.8953125 0.8234375 0.8859375 0.8296875 0.878125 0.828125 0.871875 0.8203125 0.8703125 0.7765625 0.86875 0.775 0.8703125 0.7734375 0.86875 0.7265625 0.875 0.7203125 0.8859375 0.7171875
0 0.740625 0.409375 0.7453125 0.4140625 0.7484375 0.4234375 0.75 0.4328125 0.7484375 0.453125 0.740625 0.4609375 0.7359375 0.4609375 0.725 0.471875 0.7171875 0.4734375 0.6984375 0.4859375 0.690625 0.484375 0.6859375 0.471875 0.684375 0.4640625 0.6859375 0.4421875 0.696875 0.4328125 0.7125 0.425 0.7265625 0.4140625 0.7390625 0.409375
0 0.7859375 0.3265625 0.7890625 0.33125 0.784375 0.34375 0.784375 0.359375 0.7890625 0.365625 0.7890625 0.371875 0.771875 0.375 0.75625 0.375 0.7453125 0.371875 0.74375 0.340625 0.7453125 0.3359375 0.75 0.3328125 0.784375 0.3265625
0 0.8421875 0.4984375 0.853125 0.5015625 0.8546875 0.5359375 0.8484375 0.5421875 0.8328125 0.54375 0.8 0.54375 0.796875 0.5421875 0.7921875 0.53125 0.7921875 0.5125 0.79375 0.5046875 0.8 0.5 0.840625 0.4984375