0 0.5984375 0.871875 0.603125 0.875 0.6078125 0.8890625 0.6078125 0.9796875 0.603125 0.9953125 0.6 0.996875 0.5890625 0.9953125 0.5859375 0.9828125 0.584375 0.8875 0.5890625 0.875 0.596875 0.8734375
0 0.846875 0.7125 0.853125 0.725 0.8578125 0.796875 0.8546875 0.81875 0.8390625 0.8140625 0.8359375 0.821875 0.834375 0.821875 0.8296875 0.80625 0.8296875 0.7625 0.8265625 0.7484375 0.8265625 0.728125 0.834375 0.7140625 0.8453125 0.7125
0 0.65625 0.45625 0.665625 0.4640625 0.671875 0.4765625 0.671875 0.4890625 0.665625 0.503125 0.6609375 0.5234375 0.6578125 0.5265625 0.6484375 0.553125 0.6484375 0.5578125 0.6421875 0.571875 0.6375 0.575 0.63125 0.5734375 0.625 0.5625 0.621875 0.5609375 0.6203125 0.5421875 0.646875 0.465625 0.65 0.459375 0.6546875 0.45625
0 0.9640625 0.7015625 0.96875 0.70625 0.9734375 0.7203125 0.975 0.7734375 0.9765625 0.775 0.9765625 0.81875 0.9703125 0.8296875 0.9578125 0.8296875 0.9515625 0.8234375 0.9453125 0.76875 0.9453125 0.746875 0.946875 0.7453125 0.9453125 0.7421875 0.9453125 0.709375 0.946875 0.7046875 0.953125 0.7 0.9625 0.7015625
0 0.88125 0.06875 0.8875 0.075 0.8890625 0.0828125 0.890625 0.134375 0.8921875 0.1359375 0.8921875 0.1734375 0.890625 0.178125 0.8828125 0.184375 0.871875 0.184375 0.86875 0.178125 0.865625 0.146875 0.865625 0.0953125 0.8640625 0.09375 0.865625 0.075 0.8796875 0.06875
0 0.4125 0 0.43125 0 0.43125 0.059375 0.4296875 0.0609375 0.4140625 0.0609375 0.4109375 0.0546875 0.4125 0.0015625
0 0.925 0.7109375 0.9296875 0.7140625 0.9328125 0.725 0.9328125 0.759375 0.934375 0.7609375 0.9328125 0.775 0.934375 0.815625 0.9328125 0.825 0.925 0.8328125 0.9171875 0.8328125 0.909375 0.8265625 0.90625 0.8203125 0.90625 0.7953125 0.9046875 0.79375 0.90625 0.7140625 0.9109375 0.709375 0.9234375 0.7109375
0 0.99375 0.715625 0.9984375 0.7140625 0.9984375 0.8296875 0.9953125 0.8296875 0.9921875 0.8234375 0.9921875 0.80625 0.990625 0.8046875 0.990625 0.725 0.99375 0.7171875
0 0.8046875 0.7265625 0.8125 0.734375 0.815625 0.7484375 0.815625 0.771875 0.8171875 0.7734375 0.815625 0.81875 0.8140625 0.8234375 0.8078125 0.825 0.796875 0.8234375 0.790625 0.79375 0.7890625 0.7390625 0.796875 0.728125 0.803125 0.7265625
0 0.4640625 0.5859375 0.46875 0.5890625 0.4703125 0.596875 0.46875 0.6859375 0.4640625 0.69375 0.453125 0.69375 0.4484375 0.6890625 0.4484375 0.6703125 0.446875 0.66875 0.446875 0.5984375 0.45 0.5875 0.4625 0.5859375
0 0.8765625 0.5 0.89375 0.4953125 0.9296875 0.4953125 0.9359375 0.5046875 0.9359375 0.534375 0.93125 0.540625 0.9234375 0.54375 0.9078125 0.5453125 0.8828125 0.5453125 0.8765625 0.5421875 0.8734375 0.5328125 0.8734375 0.50625 0.8765625 0.5015625
0 0.778125 0.5 0.784375 0.503125 0.7875 0.5109375 0.7890625 0.534375 0.7859375 0.54375 0.7765625 0.5484375 0.7359375 0.546875 0.7296875 0.540625 0.728125 0.5265625 0.7296875 0.5078125 0.734375 0.503125 0.746875 0.5 0.7765625 0.5
0 0.2921875 0.5078125 0.2984375 0.5140625 0.2984375 0.5421875 0.2921875 0.5484375 0.2515625 0.5484375 0.25 0.546875 0.25 0.5203125 0.253125 0.515625 0.275 0.5125 0.2828125 0.5078125 0.290625 0.5078125
0 0.4734375 0.1515625 0.4796875 0.159375 0.48125 0.2125 0.4796875 0.2140625 0.4796875 0.2546875 0.478125 0.2609375 0.471875 0.2640625 0.459375 0.2609375 0.45625 0.240625 0.4578125 0.1609375 0.4625 0.153125 0.471875 0.1515625
0 0.95625 0.5 0.9671875 0.496875 0.9984375 0.4953125 0.9984375 0.540625 0.996875 0.5421875 0.9875 0.540625 0.9859375 0.5421875 0.9640625 0.5421875 0.95625 0.5390625 0.953125 0.53125 0.953125 0.509375 0.95625 0.5015625
0 0.890625 0.71875 0.8953125 0.728125 0.8984375 0.75 0.8984375 0.8109375 0.896875 0.821875 0.89375 0.8265625 0.8859375 0.8296875 0.878125 0.828125 0.8734375 0.8234375 0.8703125 0.8140625 0.86875 0.728125 0.878125 0.71875 0.8859375 0.7171875 0.8890625 0.71875
0 0.7859375 0.3265625 0.7890625 0.328125 0.7890625 0.3328125 0.784375 0.34375 0.784375 0.35625 0.790625 0.3671875 0.790625 0.3734375 0.7703125 0.3734375 0.76875 0.375 0.746875 0.3734375 0.74375 0.365625 0.74375 0.3390625 0.7484375 0.3328125 0.771875 0.328125 0.784375 0.328125
0 0.84375 0.4984375 0.8515625 0.5 0.8546875 0.5046875 0.8546875 0.5359375 0.8484375 0.5421875 0.8265625 0.5421875 0.825 0.54375 0.8 0.54375 0.7953125 0.540625 0.79375 0.5359375 0.7953125 0.503125 0.8 0.5 0.8421875 0.4984375