0 0.459375 0.709375 0.4765625 0.7078125 0.48125 0.7125 0.4828125 0.71875 0.4828125 0.778125 0.48125 0.7796875 0.4828125 0.840625 0.4796875 0.8484375 0.4671875 0.8515625 0.4578125 0.846875 0.4578125 0.828125 0.45625 0.8265625 0.4546875 0.7203125 0.45625 0.7125 0.459375 0.7109375
0 0.95625 0.703125 0.9625 0.7046875 0.96875 0.7125 0.9734375 0.7453125 0.975 0.81875 0.971875 0.8296875 0.9625 0.834375 0.9546875 0.8328125 0.9484375 0.8234375 0.94375 0.784375 0.94375 0.7125 0.9484375 0.7046875 0.9546875 0.703125
0 0.7765625 0.5046875 0.7828125 0.5078125 0.7859375 0.5125 0.7875 0.5359375 0.784375 0.546875 0.7734375 0.5515625 0.7453125 0.5515625 0.73125 0.5484375 0.728125 0.5453125 0.7265625 0.5203125 0.7296875 0.509375 0.7359375 0.50625 0.775 0.5046875
0 0.8765625 0.0734375 0.884375 0.0765625 0.8875 0.0859375 0.8890625 0.1421875 0.890625 0.14375 0.8890625 0.1484375 0.890625 0.15 0.890625 0.1765625 0.8875 0.1859375 0.871875 0.1890625 0.8671875 0.184375 0.865625 0.175 0.8625 0.084375 0.865625 0.0765625 0.875 0.075
0 0.9234375 0.7125 0.9296875 0.7203125 0.93125 0.73125 0.9296875 0.7453125 0.93125 0.746875 0.93125 0.790625 0.9328125 0.7921875 0.9328125 0.821875 0.9265625 0.8328125 0.9234375 0.834375 0.9109375 0.8328125 0.90625 0.825 0.9015625 0.7796875 0.9046875 0.759375 0.9046875 0.7171875 0.9078125 0.7125 0.921875 0.7125
0 0.8046875 0.73125 0.8078125 0.7328125 0.8125 0.7421875 0.815625 0.7703125 0.8140625 0.8234375 0.809375 0.828125 0.796875 0.8265625 0.790625 0.80625 0.790625 0.7734375 0.7875 0.74375 0.7890625 0.7375 0.79375 0.7328125 0.803125 0.73125
0 0.5796875 0.4140625 0.58125 0.3984375 0.5859375 0.390625 0.596875 0.3890625 0.6046875 0.4 0.6046875 0.478125 0.5984375 0.4921875 0.5953125 0.49375 0.5859375 0.4921875 0.58125 0.4828125 0.5796875 0.46875 0.58125 0.415625
0 0.903125 0.5234375 0.06484375 0.053125
0 0.99375 0.7171875 0.9984375 0.7171875 0.9984375 0.8328125 0.99375 0.8328125 0.990625 0.828125 0.9890625 0.771875 0.9875 0.7703125 0.9890625 0.73125 0.990625 0.721875 0.99375 0.71875
0 0.29375 0.5125 0.2984375 0.5234375 0.2984375 0.54375 0.296875 0.5484375 0.2828125 0.5515625 0.2765625 0.55 0.2515625 0.5515625 0.25 0.55 0.2515625 0.521875 0.2578125 0.51875 0.271875 0.5171875 0.278125 0.5125 0.2921875 0.5125
0 0.9953125 0.4984375 0.9984375 0.5 0.9984375 0.5203125 0.996875 0.521875 0.9984375 0.546875 0.9953125 0.5484375 0.9609375 0.546875 0.95625 0.5453125 0.9515625 0.5375 0.9515625 0.5109375 0.9578125 0.5015625 0.99375 0.4984375
0 0.8890625 0.7234375 0.89375 0.7328125 0.896875 0.7609375 0.896875 0.8140625 0.8921875 0.828125 0.8859375 0.8328125 0.8796875 0.8328125 0.875 0.8296875 0.86875 0.8140625 0.8671875 0.734375 0.871875 0.725 0.88125 0.721875 0.8875 0.7234375
0 0.840625 0.7140625 0.846875 0.7171875 0.8515625 0.728125 0.85625 0.7984375 0.853125 0.8171875 0.846875 0.821875 0.84375 0.828125 0.8375 0.83125 0.8375 0.8359375 0.834375 0.8359375 0.83125 0.828125 0.8296875 0.79375 0.828125 0.7921875 0.828125 0.759375 0.825 0.7484375 0.825 0.7359375 0.8296875 0.7203125 0.8390625 0.7140625
0 0.7453125 0.3375 0.759375 0.3328125 0.784375 0.334375 0.7859375 0.340625 0.7828125 0.3515625 0.7828125 0.3609375 0.7890625 0.3734375 0.784375 0.378125 0.7546875 0.3796875 0.7453125 0.3765625 0.7421875 0.3640625 0.7421875 0.3515625 0.7453125 0.3390625
0 0.790625 0.51875 0.7921875 0.509375 0.803125 0.503125 0.8109375 0.5015625 0.8484375 0.503125 0.853125 0.5109375 0.8515625 0.5234375 0.853125 0.5390625 0.8515625 0.54375 0.8453125 0.546875 0.8296875 0.546875 0.828125 0.5484375 0.796875 0.546875 0.7921875 0.540625 0.7921875 0.5203125
0 0.4296875 0.434375 0.4359375 0.4375 0.4390625 0.4421875 0.4390625 0.5421875 0.4359375 0.553125 0.43125 0.55625 0.4171875 0.5546875 0.4140625 0.5484375 0.4140625 0.53125 0.4125 0.5296875 0.4140625 0.446875 0.4171875 0.4375 0.428125 0.434375