3 0.4984375 0.2234375 0.5015625 0.240625 0.5 0.2671875 0.484375 0.2671875 0.48125 0.2609375 0.4828125 0.225 0.496875 0.2234375
3 0.9953125 0.8921875 0.9984375 0.896875 0.9984375 0.996875 0.9859375 0.9984375 0.9546875 0.9984375 0.953125 0.9953125 0.94375 0.9953125 0.9421875 0.99375 0.946875 0.9921875 0.9484375 0.9859375 0.9515625 0.9890625 0.9546875 0.9875 0.953125 0.98125 0.9546875 0.975 0.9515625 0.9734375 0.946875 0.9765625 0.9421875 0.9734375 0.9390625 0.9671875 0.9296875 0.9671875 0.925 0.9625 0.91875 0.96875 0.9140625 0.96875 0.909375 0.95625 0.9125 0.946875 0.9171875 0.9453125 0.9125 0.9484375 0.9171875 0.95625 0.925 0.953125 0.9265625 0.9609375 0.93125 0.9640625 0.9359375 0.95625 0.9375 0.959375 0.9359375 0.9625 0.9390625 0.965625 0.940625 0.9640625 0.9390625 0.953125 0.94375 0.95 0.94375 0.9453125 0.953125 0.94375 0.95625 0.9390625 0.9578125 0.93125 0.95625 0.890625 0.965625 0.8890625 0.975 0.89375 0.9765625 0.9046875 0.9828125 0.8984375 0.98125 0.89375 0.99375 0.8921875
3 0.9984375 0.8859375 0.9984375 0.996875 0.9828125 0.9984375 0.95625 0.9984375 0.95625 0.9703125 0.9546875 0.96875 0.9546875 0.95 0.9578125 0.9359375 0.95625 0.890625 0.965625 0.8890625 0.975 0.89375 0.98125 0.89375 0.996875 0.8859375
3 0.6734375 0.246875 0.6796875 0.25 0.6828125 0.275 0.68125 0.3015625 0.6734375 0.3046875 0.6703125 0.303125 0.659375 0.3046875 0.65625 0.2953125 0.6578125 0.246875 0.6640625 0.24375 0.671875 0.246875
3 0.115625 0.08125 0.1265625 0.0875 0.1421875 0.0875 0.15 0.0921875 0.15 0.1125 0.146875 0.1171875 0.103125 0.1171875 0.1015625 0.115625 0.071875 0.1171875 0.0703125 0.115625 0.021875 0.115625 0.01875 0.1140625 0.0171875 0.1109375 0.01875 0.090625 0.025 0.0765625 0.0296875 0.0734375 0.05625 0.0765625 0.06875 0.0875 0.0875 0.0875 0.10625 0.08125 0.1140625 0.08125
3 0.4921875 0.8703125 0.5 0.8734375 0.5265625 0.875 0.5453125 0.8875 0.571875 0.9 0.5734375 0.903125 0.571875 0.90625 0.5640625 0.9109375 0.559375 0.91875 0.5625 0.9375 0.578125 0.9484375 0.5828125 0.9546875 0.584375 0.9859375 0.58125 0.9984375 0.440625 0.9984375 0.434375 0.9953125 0.4203125 0.9953125 0.4125 0.9984375 0.396875 0.9984375 0.3953125 0.996875 0.3921875 0.96875 0.384375 0.959375 0.384375 0.9265625 0.3875 0.91875 0.4125 0.903125 0.4234375 0.9 0.440625 0.8796875 0.4484375 0.875 0.465625 0.86875 0.490625 0.8703125
1 0.73125 0.5953125 0.7421875 0.5953125 0.74375 0.5984375 0.74375 0.6265625 0.740625 0.6484375 0.7375 0.6484375 0.7296875 0.63125 0.7296875 0.6125 0.73125 0.6109375 0.7296875 0.6 0.73125 0.596875
1 0.378125 0.571875 0.375 0.5625 0.375 0.5390625 0.378125 0.5328125 0.3828125 0.5328125 0.384375 0.5375 0.384375 0.5609375 0.3828125 0.56875 0.3796875 0.571875
1 0.428125 0.3796875 0.43125 0.3796875 0.434375 0.3859375 0.4328125 0.4015625 0.4296875 0.403125 0.4265625 0.3953125 0.428125 0.38125
1 0.709375 0.475 0.7125 0.484375 0.7125 0.4984375 0.709375 0.509375 0.70625 0.509375 0.703125 0.503125 0.703125 0.4796875 0.7078125 0.475
1 0.275 0.4203125 0.2734375 0.44375 0.2703125 0.4453125 0.26875 0.4421875 0.26875 0.421875 0.2734375 0.421875
1 0.7234375 0.3828125 0.7265625 0.3859375 0.725 0.409375 0.7234375 0.4109375 0.7203125 0.4078125 0.71875 0.4015625 0.71875 0.3890625 0.721875 0.384375
0 0.61328125 0.21796875 0.0140625 0.01953125
0 0.5921875 0.2390625 0.6015625 0.2375 0.603125 0.240625 0.603125 0.25625 0.6 0.2609375 0.59375 0.2609375 0.590625 0.2546875 0.5921875 0.240625
0 0.53125 0.1875 0.5375 0.1890625 0.5359375 0.1984375 0.53125 0.196875 0.53125 0.1890625
0 0.703125 0.328125 0.709375 0.34375 0.709375 0.36875 0.7078125 0.3703125 0.6890625 0.36875 0.6859375 0.365625 0.6890625 0.3296875 0.6921875 0.3265625 0.7015625 0.328125
0 0.596875 0.2578125 0.590625 0.246875 0.590625 0.2390625 0.596875 0.234375 0.603125 0.2390625 0.6046875 0.2484375 0.603125 0.2546875 0.5984375 0.2578125
0 0.55 0.196875 0.5546875 0.196875 0.5578125 0.2015625 0.5578125 0.209375 0.553125 0.2125 0.5484375 0.209375 0.55 0.1984375
0 0.525 0.2015625 0.5296875 0.203125 0.5296875 0.2109375 0.5265625 0.2171875 0.5234375 0.2171875 0.525 0.203125
0 0.546875 0.2421875 0.55 0.25 0.5484375 0.265625 0.5375 0.2640625 0.5390625 0.2484375 0.5453125 0.2421875
0 0.546875 0.1765625 0.5515625 0.18125 0.55 0.1890625 0.5453125 0.1875 0.5453125 0.178125
0 0.3609375 0.6515625 0.3734375 0.653125 0.3875 0.6703125 0.3890625 0.721875 0.3828125 0.753125 0.3796875 0.7609375 0.365625 0.75625 0.3640625 0.7578125 0.346875 0.7578125 0.33125 0.7640625 0.328125 0.7609375 0.3265625 0.746875 0.328125 0.7 0.3328125 0.6828125 0.33125 0.6734375 0.340625 0.65625 0.346875 0.653125 0.359375 0.6515625
0 0.5484375 0.2234375 0.55 0.225 0.5484375 0.2390625 0.540625 0.2375 0.5421875 0.225 0.546875 0.2234375
0 0.6015625 0.19375 0.60625 0.2 0.60625 0.209375 0.6015625 0.2109375 0.6 0.2078125 0.5984375 0.2015625 0.6 0.1953125
0 0.515625 0.2625 0.5140625 0.253125 0.515625 0.24375 0.51875 0.2390625 0.525 0.240625 0.5265625 0.2609375 0.5171875 0.2625
0 0.5328125 0.2046875 0.5390625 0.2078125 0.5390625 0.221875 0.5328125 0.221875 0.5296875 0.2171875 0.5328125 0.20625
0 0.6375 0.2328125 0.646875 0.234375 0.646875 0.25 0.64375 0.2546875 0.640625 0.2546875 0.6359375 0.2484375 0.6375 0.234375
0 0.6296875 0.253125 0.6328125 0.2578125 0.634375 0.271875 0.6328125 0.2796875 0.6296875 0.2828125 0.621875 0.28125 0.6171875 0.2734375 0.6203125 0.25625 0.6234375 0.253125 0.628125 0.253125
0 0.70625 0.275 0.7109375 0.2875 0.709375 0.303125 0.6953125 0.303125 0.6921875 0.296875 0.69375 0.2765625 0.6984375 0.2734375 0.7046875 0.275
0 0.6046875 0.265625 0.6109375 0.275 0.6109375 0.2921875 0.609375 0.29375 0.5984375 0.29375 0.5953125 0.290625 0.596875 0.2703125 0.5984375 0.2671875 0.603125 0.265625
0 0.55 0.275 0.5546875 0.278125 0.5546875 0.2875 0.55 0.3046875 0.540625 0.30625 0.540625 0.2859375 0.54375 0.278125 0.5484375 0.2765625
0 0.2953125 0.10703125 0.0265625 0.0140625
0 0.625 0.359375 0.63125 0.3625 0.634375 0.371875 0.634375 0.403125 0.6359375 0.4046875 0.634375 0.4125 0.6234375 0.409375 0.61875 0.4109375 0.6078125 0.409375 0.6078125 0.36875 0.6125 0.3609375 0.6234375 0.359375
0 0.6359375 0.2890625 0.64375 0.2875 0.6515625 0.303125 0.6515625 0.3203125 0.6359375 0.321875 0.6328125 0.31875 0.6328125 0.2953125 0.6359375 0.290625
0 0.6203125 0.2375 0.6265625 0.2484375 0.6203125 0.2578125 0.6171875 0.26875 0.6140625 0.265625 0.6140625 0.2421875 0.61875 0.2375
0 0.5296875 0.21875 0.534375 0.225 0.534375 0.234375 0.525 0.2359375 0.5234375 0.225 0.528125 0.2203125