0 0.6109375 0.7765625 0.615625 0.7828125 0.61875 0.79375 0.6171875 0.884375 0.615625 0.8921875 0.6109375 0.8984375 0.6 0.8984375 0.5953125 0.890625 0.5953125 0.790625 0.5984375 0.7796875 0.6015625 0.7765625 0.609375 0.7765625
0 0.8453125 0.7125 0.8484375 0.7140625 0.8515625 0.7203125 0.85625 0.7671875 0.85625 0.83125 0.85 0.8421875 0.840625 0.8421875 0.834375 0.8359375 0.8296875 0.8078125 0.8296875 0.7625 0.825 0.740625 0.8296875 0.71875 0.8359375 0.7125 0.84375 0.7125
0 0.9640625 0.7015625 0.96875 0.70625 0.9734375 0.725 0.9765625 0.8109375 0.975 0.8234375 0.971875 0.828125 0.9625 0.83125 0.95625 0.8296875 0.9515625 0.825 0.9484375 0.8171875 0.9484375 0.796875 0.9453125 0.7859375 0.9453125 0.7296875 0.94375 0.728125 0.9453125 0.70625 0.953125 0.7 0.9625 0.7015625
0 0.7609375 0.40625 0.76875 0.425 0.76875 0.44375 0.7640625 0.453125 0.7296875 0.4703125 0.7140625 0.475 0.7078125 0.4734375 0.7046875 0.4671875 0.7015625 0.44375 0.703125 0.4328125 0.7109375 0.425 0.715625 0.425 0.75625 0.4046875 0.759375 0.40625
0 0.596875 0.3203125 0.603125 0.3265625 0.60625 0.3375 0.60625 0.409375 0.603125 0.4328125 0.5984375 0.4375 0.5859375 0.4359375 0.5828125 0.4171875 0.5828125 0.334375 0.5859375 0.325 0.590625 0.3203125 0.5953125 0.3203125
0 0.8796875 0.06875 0.8875 0.0765625 0.8890625 0.084375 0.890625 0.178125 0.88125 0.184375 0.871875 0.184375 0.86875 0.1796875 0.8671875 0.16875 0.8640625 0.0796875 0.865625 0.075 0.8734375 0.0703125 0.878125 0.0703125
0 0.925 0.7109375 0.93125 0.7171875 0.93125 0.7484375 0.9328125 0.75 0.9328125 0.8234375 0.925 0.83125 0.915625 0.83125 0.9078125 0.825 0.9046875 0.809375 0.90625 0.803125 0.9046875 0.71875 0.90625 0.7125 0.9109375 0.709375 0.9234375 0.7109375
0 0.8046875 0.7265625 0.8125 0.734375 0.8171875 0.7734375 0.815625 0.8171875 0.8125 0.8234375 0.80625 0.825 0.796875 0.8234375 0.7953125 0.8203125 0.790625 0.7859375 0.790625 0.75 0.7890625 0.7484375 0.7890625 0.7375 0.7921875 0.73125 0.7984375 0.7265625 0.803125 0.7265625
0 0.9296875 0.4953125 0.934375 0.5 0.9359375 0.50625 0.9359375 0.5296875 0.9328125 0.5390625 0.921875 0.54375 0.903125 0.54375 0.9015625 0.5453125 0.8828125 0.5453125 0.8765625 0.5421875 0.8734375 0.534375 0.875 0.5015625 0.8828125 0.496875 0.8953125 0.4953125 0.928125 0.4953125
0 0.99453125 0.771875 0.0109375 0.11640625
0 0.2515625 0.5171875 0.265625 0.515625 0.2796875 0.509375 0.29375 0.509375 0.2984375 0.515625 0.2984375 0.5421875 0.296875 0.5453125 0.290625 0.5484375 0.25 0.5484375 0.2515625 0.51875
0 0.759375 0.52421875 0.06171875 0.0484375
0 0.996875 0.4953125 0.9984375 0.496875 0.9984375 0.5390625 0.9953125 0.5421875 0.990625 0.540625 0.9625 0.5421875 0.9578125 0.540625 0.953125 0.5328125 0.953125 0.5078125 0.95625 0.5 0.9671875 0.496875 0.9953125 0.4953125
0 0.884375 0.7734375 0.03203125 0.1140625
0 0.7671875 0.3515625 0.04765625 0.05
0 0.8234375 0.52109375 0.06328125 0.046875
0 0.43125 0.3875 0.434375 0.390625 0.4375 0.403125 0.4375 0.484375 0.434375 0.50625 0.4265625 0.5109375 0.4171875 0.509375 0.4140625 0.503125 0.4125 0.43125 0.4109375 0.428125 0.4140625 0.3953125 0.41875 0.3875 0.4296875 0.3875