0 0.7765625 0.5 0.7828125 0.50625 0.7859375 0.51875 0.7859375 0.53125 0.7828125 0.5421875 0.7703125 0.5484375 0.7375 0.546875 0.7296875 0.54375 0.7265625 0.5390625 0.7265625 0.5078125 0.7296875 0.503125 0.7390625 0.5 0.775 0.5
0 0.921875 0.4234375 0.93125 0.4296875 0.9359375 0.4390625 0.9359375 0.4578125 0.9265625 0.4703125 0.8890625 0.4671875 0.88125 0.4640625 0.875 0.4578125 0.8765625 0.425 0.8859375 0.421875 0.91875 0.421875 0.9203125 0.4234375
0 0.090625 0.4171875 0.121875 0.4125 0.13125 0.4140625 0.1328125 0.4171875 0.1328125 0.4421875 0.1265625 0.45625 0.1234375 0.4578125 0.1125 0.45625 0.1015625 0.4421875 0.096875 0.4421875 0.0890625 0.446875 0.084375 0.4453125 0.084375 0.428125 0.090625 0.41875
0 0.9484375 0.8234375 0.9453125 0.815625 0.9453125 0.79375 0.9421875 0.771875 0.9421875 0.70625 0.946875 0.7 0.9609375 0.7 0.965625 0.7046875 0.96875 0.7140625 0.971875 0.784375 0.9734375 0.7859375 0.9703125 0.821875 0.9609375 0.828125 0.95625 0.828125 0.95 0.8234375
0 0.878125 0.071875 0.884375 0.078125 0.8859375 0.1125 0.8875 0.1140625 0.8875 0.1765625 0.8796875 0.184375 0.86875 0.184375 0.8640625 0.1734375 0.8625 0.1078125 0.8609375 0.10625 0.8625 0.0765625 0.86875 0.071875 0.8765625 0.071875
0 0.91640625 0.76875 0.03125 0.1234375
0 0.80078125 0.77421875 0.0296875 0.0984375
0 0.2890625 0.5078125 0.29375 0.509375 0.296875 0.5140625 0.2953125 0.54375 0.2890625 0.5484375 0.2515625 0.5484375 0.25 0.546875 0.2515625 0.5171875 0.265625 0.515625 0.2796875 0.509375 0.2875 0.509375
0 0.925 0.49375 0.928125 0.4953125 0.9328125 0.5078125 0.93125 0.534375 0.925 0.540625 0.9 0.54375 0.878125 0.54375 0.871875 0.5375 0.8703125 0.5328125 0.871875 0.5 0.8796875 0.4953125 0.9234375 0.49375
0 0.990625 0.7125 0.9984375 0.7125 0.9984375 0.8296875 0.99375 0.828125 0.9890625 0.821875 0.9875 0.8109375 0.9859375 0.725 0.990625 0.7140625
0 0.9984375 0.4953125 0.9984375 0.5125 0.996875 0.5140625 0.9984375 0.5390625 0.99375 0.5421875 0.9921875 0.540625 0.9578125 0.540625 0.9546875 0.5390625 0.95 0.5328125 0.9484375 0.51875 0.95 0.5046875 0.9515625 0.5 0.9546875 0.4984375 0.984375 0.49375 0.996875 0.4953125
0 0.86875 0.7203125 0.875 0.7171875 0.8859375 0.7171875 0.8890625 0.7203125 0.8953125 0.7546875 0.89375 0.81875 0.8859375 0.8265625 0.8765625 0.8265625 0.871875 0.8234375 0.8671875 0.803125 0.86875 0.7921875 0.8671875 0.790625 0.865625 0.725 0.86875 0.721875
0 0.8421875 0.709375 0.846875 0.7125 0.85 0.7234375 0.8515625 0.7671875 0.853125 0.76875 0.853125 0.8234375 0.8515625 0.8359375 0.8453125 0.8421875 0.8390625 0.840625 0.8328125 0.834375 0.8296875 0.825 0.828125 0.7765625 0.8234375 0.7453125 0.8234375 0.7296875 0.8265625 0.7171875 0.8296875 0.7125 0.840625 0.709375
0 0.728125 0.4171875 0.734375 0.434375 0.7328125 0.4546875 0.7078125 0.4734375 0.696875 0.4859375 0.6921875 0.4875 0.6859375 0.4859375 0.6828125 0.4796875 0.68125 0.4546875 0.6890625 0.4453125 0.703125 0.4375 0.721875 0.4171875 0.7265625 0.4171875
0 0.784375 0.328125 0.784375 0.3359375 0.78125 0.3421875 0.78125 0.35625 0.7828125 0.3609375 0.790625 0.3671875 0.790625 0.3703125 0.7890625 0.3734375 0.7671875 0.3734375 0.765625 0.375 0.74375 0.3734375 0.740625 0.3640625 0.740625 0.3375 0.7453125 0.3328125 0.753125 0.3296875 0.7828125 0.328125
0 0.8453125 0.4984375 0.85 0.5 0.8515625 0.503125 0.8515625 0.5359375 0.8453125 0.540625 0.834375 0.5421875 0.8328125 0.540625 0.828125 0.5421875 0.7953125 0.540625 0.790625 0.5328125 0.790625 0.50625 0.7953125 0.5 0.84375 0.4984375
0 0.2234375 0.425 0.228125 0.434375 0.2265625 0.4421875 0.228125 0.4484375 0.240625 0.453125 0.2421875 0.4609375 0.2375 0.4640625 0.2046875 0.4625 0.196875 0.465625 0.1875 0.4640625 0.1953125 0.446875 0.196875 0.4375 0.2046875 0.428125 0.221875 0.425