0 0.6046875 0.8875 0.6078125 0.8984375 0.60625 0.9984375 0.584375 0.9984375 0.5828125 0.9859375 0.584375 0.8921875 0.5875 0.8875 0.5953125 0.884375 0.6 0.884375 0.603125 0.8875
0 0.1296875 0.41875 0.1328125 0.4234375 0.1296875 0.4265625 0.128125 0.440625 0.1296875 0.446875 0.140625 0.45625 0.1390625 0.4640625 0.128125 0.4609375 0.1125 0.4609375 0.1015625 0.4484375 0.0921875 0.446875 0.0890625 0.440625 0.0921875 0.421875 0.1046875 0.41875 0.128125 0.41875
0 0.9203125 0.40625 0.925 0.4140625 0.925 0.440625 0.921875 0.446875 0.915625 0.4484375 0.909375 0.446875 0.8734375 0.4484375 0.86875 0.4375 0.86875 0.41875 0.8703125 0.4125 0.875 0.4078125 0.90625 0.4078125 0.9125 0.4046875 0.91875 0.40625
0 0.959375 0.7078125 0.965625 0.7125 0.9671875 0.7171875 0.971875 0.7625 0.971875 0.825 0.965625 0.8359375 0.953125 0.8359375 0.946875 0.828125 0.9453125 0.796875 0.9421875 0.7859375 0.9421875 0.75 0.940625 0.7484375 0.9421875 0.7125 0.9515625 0.70625 0.9578125 0.7078125
0 0.7765625 0.5078125 0.7828125 0.5125 0.784375 0.51875 0.784375 0.54375 0.7796875 0.5515625 0.7703125 0.5546875 0.746875 0.5546875 0.728125 0.55 0.725 0.54375 0.725 0.515625 0.728125 0.5109375 0.7390625 0.5078125 0.775 0.5078125
0 0.8765625 0.075 0.88125 0.078125 0.884375 0.0859375 0.8859375 0.1234375 0.8875 0.125 0.8875 0.1828125 0.8828125 0.1890625 0.8765625 0.190625 0.86875 0.190625 0.865625 0.1875 0.8609375 0.140625 0.8625 0.134375 0.8609375 0.1328125 0.8609375 0.0859375 0.8671875 0.0765625 0.875 0.075
0 0.9234375 0.7171875 0.928125 0.725 0.9296875 0.740625 0.9296875 0.803125 0.93125 0.8046875 0.9296875 0.8265625 0.9234375 0.8359375 0.9078125 0.8359375 0.903125 0.828125 0.9015625 0.7765625 0.9 0.775 0.903125 0.7203125 0.90625 0.715625 0.9109375 0.7140625 0.921875 0.7171875
0 0.209375 0.4328125 0.2125 0.4359375 0.2265625 0.4390625 0.2265625 0.4515625 0.23125 0.45625 0.2390625 0.459375 0.2390625 0.4671875 0.2359375 0.4703125 0.2234375 0.4703125 0.209375 0.4671875 0.1953125 0.471875 0.1875 0.471875 0.184375 0.4703125 0.184375 0.4671875 0.190625 0.459375 0.1921875 0.45 0.2 0.434375 0.2078125 0.4328125
0 0.471875 0.9578125 0.478125 0.9640625 0.4796875 0.96875 0.4796875 0.9890625 0.48125 0.990625 0.4796875 0.9984375 0.45625 0.9984375 0.4546875 0.99375 0.4578125 0.965625 0.459375 0.9625 0.4703125 0.9578125
0 0.9953125 0.5 0.9984375 0.5015625 0.9984375 0.51875 0.996875 0.5203125 0.9984375 0.546875 0.996875 0.5484375 0.95625 0.5484375 0.9515625 0.54375 0.9484375 0.534375 0.9484375 0.51875 0.9515625 0.5078125 0.9546875 0.5046875 0.9640625 0.5015625 0.99375 0.5
0 0.803125 0.734375 0.8078125 0.7375 0.8109375 0.7484375 0.8125 0.7859375 0.8140625 0.7875 0.8125 0.821875 0.8109375 0.8265625 0.8046875 0.83125 0.796875 0.83125 0.7921875 0.828125 0.7875 0.8109375 0.7859375 0.7453125 0.790625 0.7359375 0.8015625 0.734375
0 0.2921875 0.515625 0.2953125 0.525 0.2953125 0.5453125 0.2921875 0.5515625 0.2796875 0.5546875 0.275 0.553125 0.25 0.5546875 0.246875 0.5453125 0.2484375 0.5328125 0.246875 0.5296875 0.2515625 0.521875 0.2625 0.521875 0.28125 0.5140625 0.290625 0.515625
0 0.9265625 0.5015625 0.93125 0.509375 0.9328125 0.5359375 0.928125 0.546875 0.9109375 0.55 0.8734375 0.5484375 0.8703125 0.5421875 0.8703125 0.5109375 0.8734375 0.5046875 0.8796875 0.5015625 0.9015625 0.5015625 0.903125 0.5 0.9234375 0.5 0.925 0.5015625
0 0.990625 0.721875 0.99375 0.7203125 0.9984375 0.721875 0.9984375 0.8375 0.990625 0.8359375 0.9875 0.821875 0.9859375 0.7328125 0.990625 0.7234375
0 0.99375 0.434375 0.9984375 0.4359375 0.9984375 0.478125 0.9890625 0.4796875 0.9765625 0.478125 0.96875 0.4734375 0.9671875 0.44375 0.9703125 0.4375 0.98125 0.434375 0.9921875 0.434375
0 0.88046875 0.78046875 0.0328125 0.1140625
0 0.8453125 0.71875 0.85 0.7359375 0.8515625 0.775 0.853125 0.7765625 0.853125 0.8359375 0.8484375 0.8484375 0.8359375 0.8484375 0.83125 0.840625 0.8265625 0.8078125 0.8265625 0.765625 0.8234375 0.7546875 0.825 0.7515625 0.8234375 0.7390625 0.8265625 0.725 0.834375 0.7171875 0.84375 0.71875
0 0.7875 0.375 0.7875 0.378125 0.784375 0.3796875 0.7703125 0.38125 0.7484375 0.38125 0.74375 0.3796875 0.740625 0.375 0.740625 0.34375 0.7421875 0.340625 0.7453125 0.3375 0.7703125 0.3375 0.771875 0.3359375 0.784375 0.3375 0.78125 0.35 0.78125 0.365625 0.7859375 0.375
0 0.8484375 0.50625 0.8515625 0.5375 0.85 0.5453125 0.846875 0.5484375 0.79375 0.5484375 0.7890625 0.5390625 0.7890625 0.5171875 0.79375 0.5078125 0.80625 0.5046875 0.81875 0.50625 0.8359375 0.503125 0.846875 0.50625