0 0.8828125 0.0703125 0.8875 0.0765625 0.8890625 0.1140625 0.890625 0.115625 0.890625 0.178125 0.8828125 0.184375 0.871875 0.184375 0.86875 0.18125 0.865625 0.1609375 0.865625 0.128125 0.8640625 0.1265625 0.865625 0.1234375 0.8640625 0.078125 0.8671875 0.0734375 0.8734375 0.0703125 0.878125 0.06875 0.88125 0.0703125
0 0.875 0.5 0.890625 0.4953125 0.9296875 0.4953125 0.934375 0.5015625 0.9359375 0.5109375 0.934375 0.5359375 0.928125 0.5421875 0.9109375 0.5453125 0.9046875 0.54375 0.88125 0.5453125 0.875 0.540625 0.8734375 0.5359375 0.871875 0.5109375 0.875 0.5015625
0 0.9609375 0.7 0.9671875 0.7046875 0.9734375 0.725 0.975 0.821875 0.9671875 0.8296875 0.9578125 0.8296875 0.95 0.8234375 0.9453125 0.7859375 0.94375 0.7140625 0.9484375 0.7015625 0.959375 0.7
0 0.925 0.7109375 0.9296875 0.7140625 0.93125 0.71875 0.9328125 0.821875 0.921875 0.83125 0.9125 0.8296875 0.90625 0.821875 0.9046875 0.7171875 0.90625 0.7125 0.9109375 0.709375 0.9234375 0.7109375
0 0.8046875 0.7265625 0.8109375 0.73125 0.815625 0.753125 0.8171875 0.796875 0.815625 0.7984375 0.815625 0.8140625 0.8125 0.8234375 0.796875 0.8234375 0.7953125 0.821875 0.790625 0.79375 0.7890625 0.7375 0.7953125 0.728125 0.803125 0.7265625
0 0.275 0.528125 0.05078125 0.040625
0 0.6578125 0.5 0.6640625 0.5046875 0.66875 0.5125 0.6703125 0.5328125 0.6578125 0.5734375 0.64375 0.6078125 0.640625 0.6109375 0.634375 0.6109375 0.6296875 0.6046875 0.6265625 0.5984375 0.6265625 0.58125 0.6390625 0.540625 0.6421875 0.5359375 0.646875 0.5140625 0.6515625 0.5046875 0.65625 0.5015625
0 0.99375 0.771875 0.01171875 0.11640625
0 0.44375 0.1703125 0.4515625 0.178125 0.4515625 0.2265625 0.4484375 0.2515625 0.4484375 0.275 0.446875 0.2796875 0.44375 0.28125 0.4296875 0.2796875 0.4265625 0.2765625 0.425 0.2609375 0.425 0.21875 0.4265625 0.2171875 0.428125 0.1828125 0.4296875 0.175 0.434375 0.1703125 0.4421875 0.1703125
0 0.8375 0.3921875 0.84375 0.4125 0.8421875 0.4359375 0.8375 0.440625 0.8265625 0.44375 0.8234375 0.446875 0.8046875 0.4484375 0.796875 0.4515625 0.7828125 0.4515625 0.778125 0.4453125 0.7765625 0.4328125 0.778125 0.409375 0.790625 0.4 0.8015625 0.4 0.8265625 0.390625 0.8359375 0.3921875
0 0.9984375 0.4953125 0.9984375 0.5421875 0.9953125 0.54375 0.9578125 0.540625 0.953125 0.5359375 0.953125 0.5046875 0.95625 0.5 0.965625 0.496875 0.99375 0.49375 0.996875 0.4953125
0 0.8875 0.7171875 0.890625 0.71875 0.89375 0.725 0.8984375 0.75625 0.8984375 0.8109375 0.89375 0.8265625 0.8875 0.8296875 0.8796875 0.828125 0.871875 0.8203125 0.8703125 0.8140625 0.86875 0.7375 0.8671875 0.7359375 0.86875 0.725 0.8765625 0.71875 0.8859375 0.7171875
0 0.7765625 0.5 0.7859375 0.50625 0.7875 0.5125 0.7875 0.5375 0.78125 0.546875 0.7375 0.546875 0.7296875 0.5421875 0.728125 0.5359375 0.728125 0.515625 0.7328125 0.503125 0.7453125 0.5 0.775 0.5
0 0.84140625 0.77890625 0.0328125 0.13359375
0 0.7453125 0.3734375 0.74375 0.3703125 0.74375 0.3375 0.753125 0.33125 0.784375 0.3265625 0.7875 0.328125 0.7875 0.334375 0.784375 0.3375 0.784375 0.3609375 0.7890625 0.36875 0.7875 0.3734375 0.7734375 0.375 0.746875 0.3734375
0 0.8234375 0.521875 0.06328125 0.04609375