0 0.546875 0.265625 0.54375 0.2390625 0.54375 0.1625 0.546875 0.15625 0.5515625 0.153125 0.559375 0.153125 0.565625 0.1625 0.565625 0.20625 0.5671875 0.2078125 0.565625 0.234375 0.5671875 0.2390625 0.5640625 0.2640625 0.5609375 0.2671875 0.5484375 0.265625
0 0.8765625 0.13203125 0.028125 0.11640625
0 0.84375 0.715625 0.85 0.7234375 0.8515625 0.7328125 0.8515625 0.7546875 0.8546875 0.7734375 0.8546875 0.8078125 0.85 0.8125 0.83125 0.815625 0.825 0.7359375 0.8296875 0.7203125 0.834375 0.715625 0.8421875 0.715625
0 0.59375 0.71875 0.5984375 0.7203125 0.6015625 0.725 0.6046875 0.7359375 0.6046875 0.809375 0.6015625 0.821875 0.596875 0.8265625 0.5875 0.8265625 0.5828125 0.8234375 0.5796875 0.803125 0.5796875 0.728125 0.584375 0.7203125 0.5921875 0.71875
0 0.9640625 0.70625 0.9703125 0.71875 0.9734375 0.75 0.9734375 0.7859375 0.975 0.7875 0.9734375 0.8234375 0.971875 0.828125 0.965625 0.8328125 0.953125 0.83125 0.946875 0.8203125 0.9453125 0.78125 0.94375 0.7796875 0.94375 0.7421875 0.9421875 0.740625 0.94375 0.7390625 0.9421875 0.7203125 0.9453125 0.7078125 0.9515625 0.703125 0.9625 0.70625
0 0.5921875 0 0.615625 0 0.6140625 0.0234375 0.60625 0.028125 0.5984375 0.028125 0.59375 0.0234375 0.5921875 0.0015625
0 0.9234375 0.7125 0.9296875 0.7203125 0.9328125 0.81875 0.928125 0.8296875 0.921875 0.834375 0.9109375 0.8328125 0.9046875 0.821875 0.903125 0.771875 0.9015625 0.7703125 0.9046875 0.715625 0.9078125 0.7125 0.921875 0.7125
0 0.8046875 0.73125 0.8109375 0.7375 0.815625 0.76875 0.8140625 0.8203125 0.8109375 0.8265625 0.80625 0.828125 0.796875 0.8265625 0.79375 0.821875 0.790625 0.80625 0.790625 0.7625 0.7890625 0.7609375 0.7890625 0.7375 0.7953125 0.73125 0.803125 0.73125
0 0.903125 0.5234375 0.0640625 0.053125
0 0.4265625 0.8671875 0.01953125 0.065625
0 0.7578125 0.528125 0.06171875 0.0484375
0 0.99375 0.775 0.01328125 0.11640625
0 0.4625 0.1796875 0.46875 0.1890625 0.4703125 0.2 0.4703125 0.246875 0.46875 0.2484375 0.4703125 0.2734375 0.46875 0.284375 0.459375 0.290625 0.453125 0.2890625 0.4484375 0.2828125 0.446875 0.2453125 0.4453125 0.24375 0.4453125 0.2109375 0.446875 0.209375 0.446875 0.1890625 0.453125 0.18125 0.4609375 0.1796875
0 0.29375 0.5125 0.2984375 0.521875 0.2984375 0.5453125 0.296875 0.5484375 0.2828125 0.5515625 0.278125 0.55 0.2515625 0.5515625 0.25 0.55 0.2515625 0.521875 0.2578125 0.51875 0.271875 0.5171875 0.278125 0.5125 0.2921875 0.5125
0 0.975 0.521875 0.04921875 0.05
0 0.8859375 0.721875 0.8921875 0.728125 0.896875 0.7640625 0.8953125 0.8171875 0.8875 0.8328125 0.878125 0.8328125 0.8734375 0.828125 0.86875 0.815625 0.86875 0.7765625 0.8671875 0.775 0.86875 0.7671875 0.865625 0.7421875 0.86875 0.7265625 0.8765625 0.721875 0.884375 0.721875
0 0.775 0.3328125 0.7859375 0.3359375 0.7828125 0.3609375 0.7890625 0.3765625 0.7671875 0.3796875 0.753125 0.3796875 0.74375 0.375 0.7421875 0.3453125 0.74375 0.3390625 0.7515625 0.334375 0.7734375 0.3328125
0 0.8484375 0.503125 0.853125 0.5109375 0.8515625 0.5203125 0.853125 0.5375 0.8515625 0.54375 0.8453125 0.546875 0.7984375 0.546875 0.79375 0.5453125 0.790625 0.5125 0.7921875 0.5078125 0.8 0.503125 0.809375 0.5015625 0.8453125 0.5015625 0.846875 0.503125
0 0.4765625 0.965625 0.48125 0.96875 0.484375 0.975 0.484375 0.9984375 0.45625 0.9984375 0.459375 0.9703125 0.4640625 0.9671875 0.475 0.965625