0 0.6140625 0.75 0.6171875 0.7625 0.615625 0.8625 0.6125 0.8734375 0.60625 0.8765625 0.5953125 0.8734375 0.5921875 0.8625 0.590625 0.75625 0.5953125 0.746875 0.609375 0.746875 0.6125 0.75
0 0.890625 0.71875 0.89375 0.7234375 0.8984375 0.7578125 0.896875 0.8203125 0.89375 0.8265625 0.890625 0.828125 0.8765625 0.8265625 0.8703125 0.815625 0.86875 0.7421875 0.8671875 0.740625 0.86875 0.7265625 0.871875 0.721875 0.8828125 0.7171875 0.8890625 0.71875
0 0.78125 0.5015625 0.7859375 0.50625 0.7875 0.5125 0.7875 0.5390625 0.7828125 0.546875 0.7765625 0.5484375 0.74375 0.5484375 0.7328125 0.5453125 0.728125 0.5359375 0.728125 0.5140625 0.73125 0.5046875 0.7375 0.5015625 0.7796875 0.5015625
0 0.865625 0.075 0.875 0.0703125 0.884375 0.071875 0.8875 0.0765625 0.890625 0.1078125 0.890625 0.178125 0.8859375 0.1828125 0.8765625 0.1859375 0.8703125 0.1828125 0.8671875 0.1734375 0.8671875 0.1515625 0.865625 0.15 0.865625 0.103125 0.8640625 0.1015625 0.865625 0.0765625
0 0.959375 0.7 0.9671875 0.7046875 0.9734375 0.7234375 0.975 0.784375 0.9765625 0.7859375 0.975 0.8234375 0.96875 0.8296875 0.9625 0.83125 0.95625 0.8296875 0.95 0.821875 0.9484375 0.7953125 0.9453125 0.784375 0.9453125 0.728125 0.94375 0.7265625 0.9453125 0.7078125 0.95 0.7015625 0.9578125 0.7
0 0.4515625 0.9984375 0.453125 0.9890625 0.45625 0.9859375 0.4703125 0.9859375 0.4734375 0.9890625 0.4734375 0.9984375 0.453125 0.9984375
0 0.4671875 0.53125 0.02734375 0.11796875
0 0.809375 0.7296875 0.815625 0.753125 0.815625 0.7828125 0.8171875 0.784375 0.815625 0.815625 0.8125 0.8234375 0.796875 0.8234375 0.790625 0.7984375 0.7890625 0.7421875 0.7921875 0.7328125 0.796875 0.728125 0.8046875 0.7265625 0.8078125 0.7296875
0 0.9296875 0.4953125 0.934375 0.5 0.9359375 0.50625 0.934375 0.5359375 0.9296875 0.5421875 0.9109375 0.5453125 0.88125 0.5453125 0.875 0.540625 0.871875 0.5265625 0.8734375 0.5046875 0.8765625 0.5 0.884375 0.496875 0.928125 0.4953125
0 0.290625 0.5078125 0.2984375 0.515625 0.2984375 0.5421875 0.296875 0.5453125 0.290625 0.5484375 0.25 0.5484375 0.2515625 0.5171875 0.2703125 0.5140625 0.2796875 0.509375 0.2890625 0.5078125
0 0.9984375 0.7140625 0.9984375 0.8296875 0.9953125 0.8296875 0.9921875 0.825 0.990625 0.7828125 0.9890625 0.78125 0.990625 0.7234375 0.99375 0.715625 0.996875 0.7140625
0 0.425 0.0046875 0.4359375 0.003125 0.440625 0.0109375 0.4421875 0.05625 0.44375 0.0578125 0.4421875 0.1140625 0.4328125 0.1203125 0.428125 0.1203125 0.4234375 0.1171875 0.4203125 0.103125 0.41875 0.0234375 0.421875 0.009375 0.425 0.00625
0 0.996875 0.4953125 0.9984375 0.496875 0.9984375 0.540625 0.99375 0.54375 0.9921875 0.5421875 0.9609375 0.5421875 0.9578125 0.540625 0.953125 0.534375 0.953125 0.50625 0.9546875 0.5015625 0.9609375 0.4984375 0.9953125 0.4953125
0 0.9203125 0.709375 0.928125 0.7125 0.93125 0.71875 0.9328125 0.796875 0.934375 0.7984375 0.9328125 0.8234375 0.9234375 0.83125 0.9140625 0.83125 0.909375 0.828125 0.90625 0.821875 0.90625 0.7953125 0.9046875 0.79375 0.9046875 0.71875 0.9078125 0.7109375 0.91875 0.709375
0 0.8453125 0.7140625 0.85 0.71875 0.853125 0.7296875 0.853125 0.753125 0.85625 0.771875 0.85625 0.8046875 0.853125 0.8109375 0.83125 0.8109375 0.8296875 0.803125 0.8296875 0.7640625 0.8265625 0.753125 0.8265625 0.728125 0.8328125 0.7171875 0.84375 0.7140625
0 0.7453125 0.3734375 0.74375 0.3375 0.7515625 0.33125 0.771875 0.328125 0.7875 0.3296875 0.7875 0.334375 0.784375 0.3390625 0.784375 0.3578125 0.7890625 0.365625 0.7890625 0.3734375 0.771875 0.3734375 0.7703125 0.375 0.746875 0.3734375
0 0.8515625 0.5 0.8546875 0.50625 0.853125 0.521875 0.8546875 0.5328125 0.8515625 0.540625 0.840625 0.54375 0.8 0.54375 0.796875 0.5421875 0.79375 0.5359375 0.7921875 0.5234375 0.79375 0.50625 0.7953125 0.503125 0.8046875 0.5 0.85 0.5