0 0.93125 0.4234375 0.9390625 0.4265625 0.94375 0.4375 0.94375 0.4609375 0.940625 0.4671875 0.9328125 0.471875 0.89375 0.4671875 0.8875 0.4640625 0.8828125 0.4578125 0.8828125 0.4328125 0.8859375 0.425 0.925 0.4234375 0.9265625 0.421875 0.9296875 0.4234375
0 0.2921875 0.509375 0.296875 0.5140625 0.296875 0.540625 0.2890625 0.5484375 0.2515625 0.5484375 0.25 0.546875 0.25 0.521875 0.2515625 0.5171875 0.2546875 0.515625 0.2640625 0.515625 0.275 0.5125 0.278125 0.509375 0.2875 0.5078125 0.290625 0.509375
0 0.125 0.4125 0.1328125 0.415625 0.134375 0.4390625 0.1265625 0.4546875 0.11875 0.4578125 0.1140625 0.45625 0.1109375 0.45 0.1 0.4421875 0.0921875 0.4421875 0.0875 0.4375 0.0875 0.425 0.0890625 0.41875 0.09375 0.415625 0.1234375 0.4125
0 0.41953125 0.5109375 0.0265625 0.11953125
0 0.9453125 0.7 0.9625 0.7 0.965625 0.7046875 0.9703125 0.7203125 0.9703125 0.75625 0.971875 0.7578125 0.971875 0.81875 0.965625 0.8265625 0.95625 0.828125 0.9484375 0.8234375 0.9453125 0.8171875 0.9453125 0.79375 0.9421875 0.7734375 0.9421875 0.70625 0.9453125 0.7015625
0 0.7578125 0.4078125 0.7609375 0.4125 0.7609375 0.4203125 0.7640625 0.4265625 0.7625 0.44375 0.7578125 0.4484375 0.740625 0.4546875 0.721875 0.4671875 0.7140625 0.4671875 0.709375 0.459375 0.7078125 0.4515625 0.709375 0.43125 0.7140625 0.4265625 0.7265625 0.4234375 0.7484375 0.409375 0.75625 0.4078125
0 0.8796875 0.071875 0.884375 0.078125 0.8859375 0.1140625 0.8875 0.115625 0.8875 0.1765625 0.8796875 0.184375 0.86875 0.184375 0.865625 0.18125 0.8625 0.159375 0.8625 0.13125 0.8609375 0.1296875 0.8625 0.128125 0.8609375 0.08125 0.8625 0.0765625 0.86875 0.071875 0.875 0.0703125 0.878125 0.071875
0 0.921875 0.7078125 0.9265625 0.7125 0.9296875 0.7234375 0.93125 0.8109375 0.928125 0.8234375 0.91875 0.83125 0.9140625 0.83125 0.909375 0.828125 0.903125 0.815625 0.9015625 0.725 0.903125 0.7125 0.9078125 0.7078125 0.9140625 0.70625 0.9203125 0.7078125
0 0.79375 0.821875 0.7890625 0.803125 0.7890625 0.7859375 0.7875 0.784375 0.7890625 0.7625 0.7859375 0.74375 0.7890625 0.7296875 0.7953125 0.725 0.803125 0.725 0.809375 0.73125 0.8140625 0.7609375 0.8125 0.8171875 0.8109375 0.821875 0.8078125 0.8234375 0.7953125 0.821875
0 0.2203125 0.4234375 0.225 0.425 0.228125 0.4328125 0.228125 0.4484375 0.240625 0.453125 0.2421875 0.459375 0.234375 0.4640625 0.203125 0.4625 0.190625 0.465625 0.1859375 0.4625 0.1921875 0.4546875 0.1953125 0.440625 0.203125 0.4296875 0.203125 0.4265625 0.21875 0.425
0 0.928125 0.4953125 0.9328125 0.5078125 0.93125 0.534375 0.925 0.540625 0.9 0.54375 0.8765625 0.54375 0.8734375 0.540625 0.8703125 0.5328125 0.871875 0.5 0.878125 0.4953125 0.9 0.4953125 0.9015625 0.49375 0.925 0.49375 0.9265625 0.4953125
0 0.990625 0.7125 0.9984375 0.7125 0.9984375 0.8296875 0.9921875 0.8265625 0.9875 0.809375 0.9859375 0.725 0.990625 0.7140625
0 0.9515625 0.5 0.965625 0.4953125 0.98125 0.4953125 0.9828125 0.49375 0.9984375 0.4953125 0.9984375 0.5140625 0.996875 0.515625 0.9984375 0.5390625 0.996875 0.540625 0.9578125 0.540625 0.9546875 0.5390625 0.95 0.5328125 0.9484375 0.525 0.9515625 0.5015625
0 0.86875 0.7203125 0.875 0.7171875 0.8859375 0.7171875 0.8890625 0.7203125 0.89375 0.7375 0.89375 0.753125 0.8953125 0.7546875 0.8953125 0.8046875 0.8921875 0.821875 0.8859375 0.8265625 0.878125 0.8265625 0.871875 0.8234375 0.8671875 0.803125 0.86875 0.7921875 0.8671875 0.790625 0.865625 0.725 0.86875 0.721875
0 0.7796875 0.5015625 0.7859375 0.51875 0.7859375 0.53125 0.7828125 0.5421875 0.7703125 0.5484375 0.7375 0.546875 0.7296875 0.54375 0.7265625 0.5390625 0.7265625 0.521875 0.725 0.5203125 0.7265625 0.50625 0.73125 0.5015625 0.7375 0.5 0.7765625 0.5 0.778125 0.5015625
0 0.8421875 0.709375 0.8484375 0.715625 0.8515625 0.734375 0.853125 0.80625 0.8546875 0.8078125 0.8515625 0.8375 0.8453125 0.8421875 0.840625 0.8421875 0.8328125 0.834375 0.8296875 0.825 0.8265625 0.7578125 0.8234375 0.7453125 0.8234375 0.7296875 0.8265625 0.7171875 0.8296875 0.7125 0.840625 0.709375
0 0.74375 0.3328125 0.7515625 0.3296875 0.784375 0.328125 0.78125 0.3421875 0.78125 0.3546875 0.7828125 0.359375 0.790625 0.3671875 0.7890625 0.3734375 0.7640625 0.3734375 0.7625 0.375 0.74375 0.3734375 0.740625 0.3640625 0.740625 0.3375 0.74375 0.334375
0 0.846875 0.4984375 0.8515625 0.503125 0.8515625 0.5359375 0.8453125 0.540625 0.81875 0.540625 0.8171875 0.5421875 0.7984375 0.5421875 0.7921875 0.5375 0.790625 0.5328125 0.7921875 0.503125 0.7953125 0.5 0.834375 0.4984375 0.8359375 0.496875 0.8453125 0.4984375