3 0.059375 0.0890625 0.0625 0.09375 0.0625 0.1109375 0.059375 0.1140625 0.0453125 0.1140625 0.034375 0.1171875 0.0296875 0.115625 0.028125 0.109375 0.046875 0.090625 0.0578125 0.0890625
3 0.3296875 0.0953125 0.3328125 0.0984375 0.334375 0.109375 0.33125 0.1109375 0.296875 0.1109375 0.2953125 0.10625 0.2953125 0.0953125 0.2984375 0.0921875 0.309375 0.0953125 0.328125 0.0953125
3 0.6640625 0.246875 0.6703125 0.25 0.675 0.2578125 0.675 0.2859375 0.6703125 0.29375 0.6546875 0.29375 0.6515625 0.284375 0.6515625 0.26875 0.6546875 0.2515625 0.6578125 0.246875 0.6625 0.246875
3 0.175 0.078125 0.18125 0.0796875 0.1859375 0.0875 0.2171875 0.0875 0.21875 0.0890625 0.246875 0.0875 0.25625 0.0890625 0.259375 0.09375 0.2578125 0.1203125 0.159375 0.1171875 0.1578125 0.10625 0.1640625 0.0953125 0.1734375 0.0859375 0.175 0.0796875
3 0.4765625 0.2328125 0.48125 0.2296875 0.4859375 0.2296875 0.49375 0.234375 0.496875 0.2546875 0.4953125 0.28125 0.4859375 0.284375 0.4765625 0.2828125 0.4734375 0.2671875 0.4734375 0.240625 0.4765625 0.234375
1 0.7234375 0.509375 0.73125 0.5125 0.73125 0.5453125 0.7296875 0.55 0.7265625 0.55 0.721875 0.521875 0.7234375 0.5109375
1 0.71875 0.5390625 0.721875 0.54375 0.7234375 0.5640625 0.7203125 0.5875 0.7171875 0.5890625 0.7109375 0.575 0.7125 0.546875 0.7140625 0.540625 0.7171875 0.5390625
1 0.2578125 0.4859375 0.2609375 0.490625 0.2609375 0.5046875 0.2578125 0.5140625 0.2546875 0.5140625 0.253125 0.5046875 0.253125 0.4875 0.25625 0.4859375
1 0.6984375 0.434375 0.7015625 0.4375 0.7 0.4609375 0.69375 0.4609375 0.6921875 0.45625 0.6921875 0.4390625 0.696875 0.434375
1 0.70625 0.35625 0.7109375 0.35625 0.709375 0.378125 0.7046875 0.3765625 0.7046875 0.359375 0.70625 0.3578125
1 0.3984375 0.43125 0.4046875 0.4328125 0.4046875 0.446875 0.4 0.459375 0.396875 0.4546875 0.3984375 0.4328125
1 0.3796875 0.61875 0.3828125 0.61875 0.3859375 0.6234375 0.3859375 0.6390625 0.3828125 0.65 0.3828125 0.659375 0.3796875 0.665625 0.375 0.6484375 0.3765625 0.6234375 0.3796875 0.6203125
0 0.5453125 0.2546875 0.5484375 0.2625 0.5484375 0.2703125 0.5453125 0.2765625 0.5390625 0.2765625 0.5359375 0.2734375 0.5359375 0.259375 0.5390625 0.2546875 0.54375 0.2546875
0 0.5953125 0.2171875 0.6015625 0.228125 0.6015625 0.2359375 0.5984375 0.2375 0.590625 0.2359375 0.590625 0.221875 0.59375 0.21875
0 0.6890625 0.3109375 0.6921875 0.3140625 0.6953125 0.325 0.6953125 0.346875 0.69375 0.3484375 0.6765625 0.346875 0.6734375 0.34375 0.6765625 0.3140625 0.6796875 0.3109375 0.6875 0.3109375
0 0.553125 0.2 0.55625 0.209375 0.553125 0.21875 0.546875 0.2125 0.546875 0.203125 0.5515625 0.2
0 0.0265625 0.109375 0.03125 0.11875 0.0296875 0.1234375 0.021875 0.1265625 0.0109375 0.1265625 0.0046875 0.1234375 0.003125 0.11875 0 0.1171875 0 0.1125 0.0109375 0.10625 0.021875 0.10625 0.025 0.109375
0 0.3734375 0.846875 0.10078125 0.146875
0 0.55 0.23125 0.55 0.2484375 0.546875 0.2515625 0.5421875 0.2515625 0.5375 0.2484375 0.5375 0.2390625 0.54375 0.23125 0.5484375 0.23125
0 0.525 0.2109375 0.5328125 0.209375 0.5359375 0.2203125 0.5359375 0.228125 0.5328125 0.2328125 0.5296875 0.2265625 0.525 0.2234375 0.525 0.2125
0 0.5484375 0.221875 0.01171875 0.02109375
0 0.5265625 0.2234375 0.5296875 0.225 0.53125 0.2296875 0.5296875 0.2453125 0.5203125 0.24375 0.5203125 0.23125 0.521875 0.225 0.525 0.2234375
0 0.51875 0.25 0.5234375 0.2640625 0.521875 0.2734375 0.5109375 0.2734375 0.509375 0.2703125 0.5078125 0.2609375 0.509375 0.253125 0.5125 0.25 0.5171875 0.25
0 0.603125 0.2484375 0.60625 0.253125 0.60625 0.2625 0.6046875 0.2640625 0.6015625 0.2609375 0.5953125 0.2671875 0.5921875 0.2640625 0.5921875 0.2546875 0.5953125 0.2484375 0.5984375 0.246875 0.6015625 0.2484375
0 0.6328125 0.2296875 0.640625 0.2296875 0.64375 0.234375 0.6421875 0.2484375 0.6390625 0.25 0.6328125 0.2484375 0.63125 0.24375 0.6328125 0.23125
0 0.54765625 0.18515625 0.0078125 0.015625
0 0.5953125 0.2625 0.603125 0.259375 0.6078125 0.271875 0.6078125 0.28125 0.596875 0.2828125 0.59375 0.2765625 0.5953125 0.2640625
0 0.5453125 0.290625 0.5484375 0.296875 0.5484375 0.31875 0.54375 0.321875 0.534375 0.3234375 0.53125 0.3203125 0.5328125 0.29375 0.5359375 0.290625 0.54375 0.290625
0 0.615625 0.1859375 0.6171875 0.190625 0.615625 0.196875 0.6125 0.196875 0.609375 0.1921875 0.6109375 0.1875 0.6140625 0.1859375
0 0.61875 0.33125 0.625 0.334375 0.6296875 0.346875 0.63125 0.3703125 0.628125 0.3765625 0.621875 0.375 0.60625 0.3765625 0.6046875 0.375 0.60625 0.3375 0.609375 0.3328125 0.6171875 0.33125
0 0.6296875 0.275 0.6328125 0.2734375 0.6390625 0.275 0.64375 0.2890625 0.64375 0.303125 0.628125 0.3046875 0.6265625 0.284375 0.6296875 0.2765625
0 0.6203125 0.2453125 0.6234375 0.2453125 0.6265625 0.25 0.6296875 0.2625 0.6296875 0.2671875 0.6265625 0.271875 0.6171875 0.2703125 0.615625 0.25 0.6203125 0.246875