0 0.878125 0.1265625 0.02890625 0.11640625
0 0.8984375 0.3875 0.9046875 0.403125 0.9046875 0.4234375 0.9015625 0.434375 0.8953125 0.4375 0.8859375 0.4375 0.8765625 0.440625 0.8734375 0.4390625 0.8484375 0.440625 0.8390625 0.434375 0.8375 0.428125 0.8390625 0.3953125 0.8515625 0.3890625 0.896875 0.3875
0 0.9625 0.7 0.965625 0.7015625 0.971875 0.7171875 0.9734375 0.765625 0.975 0.7671875 0.975 0.8203125 0.96875 0.828125 0.9625 0.8296875 0.9546875 0.828125 0.9484375 0.8203125 0.9484375 0.803125 0.9453125 0.7921875 0.9453125 0.765625 0.94375 0.7640625 0.9453125 0.7609375 0.94375 0.7546875 0.9453125 0.7046875 0.95 0.7 0.9609375 0.7
0 0.765625 0.415625 0.7734375 0.4265625 0.775 0.4375 0.7703125 0.45625 0.7578125 0.465625 0.728125 0.478125 0.7203125 0.478125 0.715625 0.4734375 0.7125 0.45 0.7171875 0.4390625 0.7390625 0.425 0.74375 0.425 0.75 0.41875 0.75625 0.415625 0.7640625 0.415625
0 0.9171875 0.7078125 0.9296875 0.7125 0.93125 0.71875 0.9328125 0.8203125 0.9234375 0.8296875 0.9109375 0.828125 0.9078125 0.8234375 0.9046875 0.8 0.9046875 0.775 0.903125 0.7734375 0.9046875 0.76875 0.9046875 0.7171875 0.909375 0.709375 0.915625 0.7078125
0 0.99375 0.7125 0.9984375 0.7125 0.9984375 0.8296875 0.9921875 0.8265625 0.990625 0.7921875 0.9890625 0.790625 0.9890625 0.7296875 0.990625 0.71875 0.99375 0.7140625
0 0.796875 0.8234375 0.790625 0.790625 0.790625 0.75 0.7890625 0.7484375 0.7890625 0.7375 0.7953125 0.7265625 0.80625 0.7265625 0.8109375 0.73125 0.815625 0.7546875 0.815625 0.7875 0.8171875 0.7890625 0.8140625 0.8203125 0.8109375 0.8234375 0.7984375 0.8234375
0 0.29375 0.509375 0.2984375 0.5140625 0.2984375 0.5421875 0.2921875 0.5484375 0.2515625 0.5484375 0.25 0.546875 0.2515625 0.5171875 0.275 0.5125 0.278125 0.509375 0.2921875 0.509375
0 0.5546875 0.3125 0.559375 0.3171875 0.5625 0.325 0.5625 0.425 0.55625 0.43125 0.5484375 0.43125 0.5421875 0.428125 0.5390625 0.3984375 0.540625 0.3234375 0.5453125 0.3140625 0.553125 0.3125
0 0.9046875 0.51953125 0.06484375 0.053125
0 0.9984375 0.4953125 0.9984375 0.540625 0.996875 0.5421875 0.9578125 0.540625 0.953125 0.5359375 0.9515625 0.525 0.9515625 0.5125 0.9546875 0.5 0.9640625 0.496875 0.99375 0.49375 0.996875 0.4953125
0 0.86875 0.796875 0.8703125 0.7953125 0.86875 0.790625 0.86875 0.7375 0.8671875 0.7359375 0.86875 0.725 0.875 0.71875 0.8875 0.7171875 0.89375 0.7265625 0.8984375 0.7625 0.896875 0.7640625 0.8984375 0.765625 0.896875 0.8171875 0.890625 0.828125 0.8765625 0.8265625 0.8703125 0.815625 0.8703125 0.7984375
0 0.84140625 0.77734375 0.0328125 0.13203125
0 0.7765625 0.5 0.7859375 0.50625 0.7875 0.5359375 0.7828125 0.5453125 0.7734375 0.5484375 0.7453125 0.5484375 0.734375 0.5453125 0.728125 0.5359375 0.728125 0.5125 0.73125 0.5046875 0.7359375 0.5015625 0.775 0.5
0 0.7859375 0.3265625 0.7875 0.3328125 0.784375 0.3375 0.7828125 0.3546875 0.790625 0.3703125 0.7890625 0.3734375 0.7734375 0.375 0.7546875 0.375 0.746875 0.3734375 0.74375 0.3703125 0.74375 0.3375 0.7453125 0.334375 0.753125 0.33125 0.784375 0.3265625
0 0.8421875 0.4984375 0.853125 0.5015625 0.8546875 0.5078125 0.853125 0.5375 0.8453125 0.5421875 0.8296875 0.5421875 0.828125 0.54375 0.796875 0.5421875 0.7921875 0.5296875 0.7921875 0.509375 0.7953125 0.5015625 0.7984375 0.5 0.840625 0.4984375