0 0.6 0.865625 0.6046875 0.88125 0.603125 0.884375 0.603125 0.959375 0.596875 0.9734375 0.5859375 0.9734375 0.5828125 0.9703125 0.5796875 0.959375 0.5796875 0.9234375 0.578125 0.921875 0.5796875 0.9203125 0.58125 0.86875 0.5859375 0.8640625 0.5984375 0.865625
0 0.865625 0.0765625 0.86875 0.075 0.884375 0.0765625 0.8875 0.0890625 0.8875 0.1140625 0.8890625 0.115625 0.8890625 0.18125 0.8859375 0.1859375 0.8765625 0.1890625 0.871875 0.1890625 0.8671875 0.1859375 0.8640625 0.159375 0.8640625 0.1296875 0.8625 0.128125 0.8625 0.1125 0.8640625 0.1109375 0.8625 0.109375 0.8625 0.0828125 0.865625 0.078125
0 0.840625 0.7140625 0.8484375 0.71875 0.8515625 0.73125 0.8546875 0.8078125 0.8515625 0.8125 0.8453125 0.815625 0.8359375 0.815625 0.83125 0.821875 0.83125 0.8125 0.828125 0.8046875 0.8296875 0.771875 0.825 0.7484375 0.825 0.7375 0.8296875 0.7203125 0.8390625 0.7140625
0 0.95859375 0.76796875 0.0328125 0.13046875
0 0.9234375 0.7125 0.9296875 0.721875 0.93125 0.8234375 0.9265625 0.83125 0.921875 0.834375 0.9140625 0.834375 0.90625 0.8265625 0.9015625 0.778125 0.9046875 0.715625 0.9078125 0.7125 0.921875 0.7125
0 0.80234375 0.7796875 0.028125 0.0984375
0 0.6109375 0.0375 0.615625 0.0484375 0.615625 0.14375 0.6140625 0.1484375 0.6078125 0.1515625 0.6 0.1515625 0.59375 0.146875 0.5921875 0.05 0.5984375 0.0375 0.609375 0.0375
0 0.55625 0.30625 0.565625 0.3125 0.5671875 0.3234375 0.5671875 0.34375 0.565625 0.3453125 0.5671875 0.3953125 0.565625 0.396875 0.565625 0.4125 0.5640625 0.4171875 0.559375 0.41875 0.553125 0.41875 0.546875 0.415625 0.5453125 0.378125 0.54375 0.3765625 0.5453125 0.375 0.54375 0.31875 0.5453125 0.3125 0.5546875 0.30625
0 0.875 0.546875 0.871875 0.540625 0.8703125 0.5265625 0.8734375 0.5046875 0.8796875 0.5 0.909375 0.5 0.9109375 0.4984375 0.9296875 0.5 0.9328125 0.50625 0.934375 0.5328125 0.93125 0.5421875 0.925 0.546875 0.9140625 0.5484375 0.878125 0.5484375 0.8765625 0.546875
0 0.7765625 0.5046875 0.7828125 0.509375 0.7859375 0.515625 0.7859375 0.5421875 0.7828125 0.5484375 0.771875 0.5515625 0.7484375 0.5515625 0.73125 0.5484375 0.728125 0.5453125 0.7265625 0.5375 0.7265625 0.5171875 0.728125 0.5109375 0.734375 0.50625 0.775 0.5046875
0 0.99375 0.775 0.01328125 0.11640625
0 0.29375 0.5125 0.2984375 0.521875 0.296875 0.5484375 0.259375 0.55 0.2578125 0.5515625 0.25 0.55 0.2515625 0.521875 0.2578125 0.51875 0.271875 0.5171875 0.278125 0.5125 0.2921875 0.5125
0 0.975 0.521875 0.04921875 0.05
0 0.8859375 0.721875 0.890625 0.725 0.89375 0.7359375 0.896875 0.76875 0.8953125 0.8171875 0.89375 0.825 0.8875 0.8328125 0.878125 0.8328125 0.8734375 0.828125 0.86875 0.8171875 0.86875 0.7828125 0.8671875 0.78125 0.86875 0.7640625 0.865625 0.7421875 0.865625 0.734375 0.86875 0.7265625 0.8765625 0.721875 0.884375 0.721875
0 0.784375 0.334375 0.7859375 0.3359375 0.7828125 0.35 0.7828125 0.3625 0.7890625 0.375 0.7859375 0.378125 0.7671875 0.378125 0.765625 0.3796875 0.753125 0.3796875 0.74375 0.375 0.7421875 0.371875 0.74375 0.3390625 0.7515625 0.334375 0.7609375 0.3328125 0.7828125 0.334375
0 0.825 0.5015625 0.8265625 0.503125 0.84375 0.5015625 0.8515625 0.50625 0.853125 0.5359375 0.8515625 0.5421875 0.8421875 0.546875 0.7984375 0.546875 0.7921875 0.54375 0.790625 0.53125 0.7921875 0.5078125 0.8 0.503125 0.8234375 0.5015625
0 0.4578125 0.40703125 0.02578125 0.1109375
0 0.425 0.9234375 0.4296875 0.925 0.434375 0.9328125 0.434375 0.9984375 0.409375 0.9984375 0.409375 0.978125 0.4078125 0.9765625 0.409375 0.9734375 0.409375 0.9390625 0.4125 0.928125 0.4171875 0.925 0.4234375 0.925