0 0.1375 0.45 0.1421875 0.45625 0.1421875 0.4625 0.1296875 0.4640625 0.109375 0.4609375 0.10625 0.453125 0.1015625 0.4484375 0.0890625 0.4484375 0.0875 0.446875 0.0875 0.428125 0.0921875 0.421875 0.1015625 0.41875 0.1296875 0.4203125 0.13125 0.421875 0.1296875 0.446875 0.1359375 0.45
0 0.9578125 0.70625 0.9671875 0.715625 0.9703125 0.7421875 0.9703125 0.7703125 0.971875 0.771875 0.971875 0.8234375 0.96875 0.83125 0.9640625 0.8359375 0.953125 0.8359375 0.9453125 0.825 0.9453125 0.8046875 0.9421875 0.790625 0.940625 0.7171875 0.9453125 0.7078125 0.95625 0.70625
0 0.865625 0.0765625 0.878125 0.075 0.8828125 0.08125 0.8859375 0.1 0.8859375 0.1359375 0.8875 0.1375 0.8859375 0.1859375 0.8765625 0.190625 0.86875 0.190625 0.865625 0.1875 0.8609375 0.153125 0.8609375 0.084375 0.865625 0.078125
0 0.921875 0.715625 0.928125 0.725 0.928125 0.7484375 0.9296875 0.75 0.9296875 0.8234375 0.9265625 0.8328125 0.921875 0.8359375 0.909375 0.8359375 0.9046875 0.83125 0.9015625 0.8125 0.9015625 0.7765625 0.9 0.775 0.9015625 0.7734375 0.9 0.7625 0.9015625 0.7609375 0.903125 0.7171875 0.9078125 0.7140625 0.9203125 0.715625
0 0.9921875 0.778125 0.01640625 0.11953125
0 0.9984375 0.5 0.9984375 0.5484375 0.9578125 0.5484375 0.9515625 0.5453125 0.9484375 0.5296875 0.9484375 0.515625 0.953125 0.5046875 0.9609375 0.5015625 0.996875 0.5
0 0.7875 0.7375 0.7921875 0.734375 0.803125 0.734375 0.8078125 0.7390625 0.8109375 0.75 0.8125 0.7859375 0.8140625 0.7875 0.8109375 0.8265625 0.8078125 0.8296875 0.7953125 0.8296875 0.7921875 0.8265625 0.7890625 0.8140625 0.7890625 0.76875 0.7859375 0.75 0.7875 0.7390625
0 0.2203125 0.4328125 0.2265625 0.4390625 0.2265625 0.4515625 0.23125 0.45625 0.2375 0.4578125 0.240625 0.4625 0.2390625 0.46875 0.234375 0.471875 0.2265625 0.471875 0.21875 0.46875 0.1859375 0.471875 0.1859375 0.465625 0.1921875 0.45625 0.1921875 0.45 0.2 0.434375 0.203125 0.43125 0.21875 0.4328125
0 0.2890625 0.5140625 0.2921875 0.515625 0.2953125 0.525 0.2953125 0.546875 0.290625 0.553125 0.2859375 0.5546875 0.2734375 0.553125 0.253125 0.553125 0.2515625 0.5546875 0.2484375 0.553125 0.2484375 0.5265625 0.2546875 0.521875 0.2671875 0.5203125 0.2765625 0.5140625 0.2796875 0.515625 0.2875 0.5140625
0 0.9015625 0.525 0.06484375 0.053125
0 0.559375 0.3875 0.5640625 0.3953125 0.5625 0.4765625 0.559375 0.48125 0.5453125 0.48125 0.5421875 0.478125 0.540625 0.465625 0.5421875 0.3921875 0.546875 0.3875 0.5578125 0.3875
0 0.9984375 0.434375 0.9984375 0.478125 0.9734375 0.478125 0.9640625 0.4734375 0.9625 0.46875 0.9640625 0.4390625 0.9734375 0.434375 0.996875 0.434375
0 0.88046875 0.77890625 0.0328125 0.1140625
0 0.778125 0.5078125 0.7828125 0.5125 0.784375 0.51875 0.784375 0.5421875 0.7828125 0.5484375 0.775 0.553125 0.7375 0.553125 0.728125 0.55 0.725 0.5453125 0.725 0.5140625 0.734375 0.5078125 0.7765625 0.5078125
0 0.840625 0.715625 0.8453125 0.71875 0.8484375 0.725 0.853125 0.775 0.8515625 0.8359375 0.846875 0.84375 0.840625 0.846875 0.834375 0.8421875 0.828125 0.8234375 0.8265625 0.759375 0.8234375 0.740625 0.8296875 0.71875 0.834375 0.715625 0.8390625 0.715625
0 0.7390625 0.353125 0.740625 0.34375 0.7453125 0.3375 0.7828125 0.3359375 0.784375 0.3375 0.78125 0.3484375 0.78125 0.365625 0.7875 0.3765625 0.7859375 0.378125 0.759375 0.38125 0.7453125 0.3796875 0.740625 0.3734375 0.740625 0.3546875
0 0.88125 0.42734375 0.05859375 0.04609375
0 0.8421875 0.503125 0.85 0.509375 0.8515625 0.5359375 0.85 0.54375 0.8453125 0.5484375 0.79375 0.5484375 0.7890625 0.5359375 0.7890625 0.5140625 0.7921875 0.5078125 0.8 0.5046875 0.840625 0.503125