0 0.8578125 0.4359375 0.85625 0.3984375 0.8625 0.390625 0.8765625 0.3875 0.915625 0.3875 0.91875 0.390625 0.9234375 0.4046875 0.9234375 0.421875 0.9203125 0.4328125 0.915625 0.4375 0.8984375 0.4375 0.896875 0.4390625 0.8625 0.4390625 0.859375 0.4359375
0 0.9625 0.7 0.96875 0.7078125 0.9734375 0.7296875 0.971875 0.7359375 0.975 0.7671875 0.975 0.81875 0.96875 0.828125 0.95625 0.828125 0.95 0.8234375 0.9484375 0.8015625 0.9453125 0.790625 0.94375 0.7125 0.9453125 0.7046875 0.95 0.7 0.9609375 0.7
0 0.77421875 0.4390625 0.0625 0.05546875
0 0.8796875 0.06875 0.8859375 0.075 0.8890625 0.0921875 0.8890625 0.125 0.890625 0.1265625 0.890625 0.175 0.8890625 0.178125 0.88125 0.184375 0.86875 0.1828125 0.865625 0.1640625 0.865625 0.1296875 0.8640625 0.128125 0.865625 0.11875 0.8625 0.0859375 0.8640625 0.0765625 0.8734375 0.0703125 0.878125 0.0703125
0 0.9171875 0.7078125 0.928125 0.7125 0.93125 0.71875 0.9296875 0.7265625 0.93125 0.728125 0.93125 0.7640625 0.9328125 0.765625 0.9328125 0.784375 0.93125 0.7859375 0.9328125 0.7890625 0.9328125 0.8203125 0.9265625 0.828125 0.9125 0.828125 0.9078125 0.8234375 0.9046875 0.8140625 0.9046875 0.715625 0.909375 0.709375 0.915625 0.7078125
0 0.99375 0.7125 0.9984375 0.7125 0.9984375 0.8296875 0.99375 0.828125 0.990625 0.8203125 0.990625 0.7921875 0.9890625 0.790625 0.9890625 0.725 0.99375 0.7140625
0 0.8078125 0.728125 0.8125 0.7359375 0.815625 0.759375 0.815625 0.8109375 0.8140625 0.8203125 0.8109375 0.8234375 0.7984375 0.8234375 0.7953125 0.8203125 0.790625 0.7859375 0.790625 0.746875 0.7890625 0.7453125 0.790625 0.7328125 0.796875 0.7265625 0.80625 0.728125
0 0.475 0.703125 0.478125 0.7046875 0.4828125 0.71875 0.48125 0.7234375 0.4828125 0.7984375 0.48125 0.8 0.48125 0.81875 0.4765625 0.821875 0.4671875 0.821875 0.4625 0.8171875 0.4625 0.7734375 0.459375 0.7546875 0.4609375 0.7140625 0.465625 0.7046875 0.4734375 0.703125
0 0.9265625 0.49375 0.934375 0.5015625 0.934375 0.5328125 0.93125 0.5390625 0.9171875 0.54375 0.8921875 0.54375 0.890625 0.5453125 0.8796875 0.54375 0.875 0.540625 0.871875 0.53125 0.871875 0.5078125 0.875 0.5 0.8796875 0.496875 0.8890625 0.4953125 0.925 0.49375
0 0.275 0.528125 0.05234375 0.04140625
0 0.54375 0.1578125 0.5421875 0.1546875 0.5421875 0.121875 0.54375 0.1203125 0.5421875 0.1 0.5453125 0.0828125 0.5515625 0.0765625 0.5625 0.0765625 0.5640625 0.1546875 0.5609375 0.159375 0.5453125 0.1578125
0 0.97578125 0.51796875 0.0484375 0.05
0 0.8828125 0.771875 0.0328125 0.1109375
0 0.78125 0.5015625 0.7875 0.5125 0.7875 0.5359375 0.7828125 0.5453125 0.771875 0.5484375 0.7375 0.546875 0.73125 0.54375 0.728125 0.5359375 0.728125 0.5109375 0.7328125 0.503125 0.7421875 0.5 0.7796875 0.5015625
0 0.84375 0.7125 0.8484375 0.715625 0.8515625 0.725 0.8546875 0.78125 0.85625 0.7828125 0.85625 0.828125 0.8546875 0.8359375 0.8484375 0.84375 0.8390625 0.8421875 0.834375 0.8359375 0.83125 0.825 0.8296875 0.76875 0.8265625 0.7515625 0.828125 0.721875 0.834375 0.7140625 0.8421875 0.7125
0 0.7671875 0.35078125 0.0484375 0.0484375
0 0.8421875 0.4984375 0.8515625 0.5 0.853125 0.503125 0.8546875 0.5109375 0.853125 0.5375 0.8453125 0.5421875 0.821875 0.5421875 0.8203125 0.54375 0.8046875 0.54375 0.7953125 0.5390625 0.7921875 0.5265625 0.79375 0.5046875 0.8 0.5 0.840625 0.4984375