3 0.803125 0.5703125 0.815625 0.575 0.825 0.575 0.834375 0.5828125 0.8359375 0.590625 0.834375 0.6609375 0.83125 0.675 0.8328125 0.8421875 0.8296875 0.8625 0.8328125 0.86875 0.8328125 0.8765625 0.8453125 0.8875 0.84375 0.934375 0.853125 0.95 0.8703125 0.9484375 0.8765625 0.9546875 0.88125 0.9484375 0.890625 0.94375 0.8890625 0.9359375 0.8921875 0.93125 0.8921875 0.925 0.8875 0.9015625 0.8953125 0.8984375 0.8953125 0.89375 0.9 0.8875 0.9 0.8734375 0.8953125 0.8578125 0.8953125 0.825 0.8984375 0.80625 0.896875 0.8015625 0.8921875 0.7984375 0.8890625 0.7859375 0.8796875 0.7703125 0.8796875 0.75625 0.871875 0.728125 0.871875 0.690625 0.88125 0.6859375 0.8890625 0.6859375 0.903125 0.6921875 0.9171875 0.70625 0.921875 0.725 0.9296875 0.7390625 0.9296875 0.765625 0.93125 0.7671875 0.9296875 0.83125 0.93125 0.8390625 0.9359375 0.8453125 0.946875 0.85 0.984375 0.8515625 0.990625 0.8578125 0.99375 0.85625 0.9984375 0.865625 0.996875 0.8765625 0.9984375 0.88125 0.9984375 0.9109375 0.996875 0.9125 0.9984375 0.915625 0.996875 0.925 0.9984375 0.996875 0.975 0.996875 0.9734375 0.9953125 0.9671875 0.9984375 0.9609375 0.996875 0.9375 0.9984375 0.934375 0.9953125 0.93125 0.9953125 0.9296875 0.9984375 0.8578125 0.9984375 0.85 0.9953125 0.84375 0.9953125 0.8375 0.9984375 0.634375 0.9984375 0.6296875 0.9953125 0.6234375 0.9859375 0.6203125 0.9734375 0.6203125 0.946875 0.61875 0.9453125 0.6203125 0.85 0.61875 0.8453125 0.6125 0.840625 0.6015625 0.81875 0.603125 0.790625 0.5984375 0.784375 0.5984375 0.76875 0.5921875 0.7546875 0.59375 0.7390625 0.5984375 0.7359375 0.625 0.7375 0.6359375 0.721875 0.6390625 0.709375 0.6515625 0.69375 0.65625 0.678125 0.66875 0.665625 0.671875 0.6578125 0.6921875 0.640625 0.70625 0.6359375 0.734375 0.6 0.7484375 0.5875 0.7515625 0.5875 0.7640625 0.575 0.76875 0.575 0.778125 0.5703125 0.8015625 0.5703125
3 0.03125 0.3 0.0359375 0.303125 0.0453125 0.296875 0.05 0.296875 0.053125 0.2921875 0.05625 0.2953125 0.0578125 0.3015625 0.05625 0.3078125 0.059375 0.3203125 0.0640625 0.3265625 0.0671875 0.3375 0.0671875 0.3625 0.0703125 0.3796875 0.09375 0.4234375 0.09375 0.4625 0.0953125 0.4640625 0.096875 0.4984375 0.0953125 0.509375 0.0921875 0.5109375 0.08125 0.5078125 0.08125 0.49375 0.075 0.48125 0.075 0.465625 0.071875 0.4609375 0.0671875 0.4609375 0.0625 0.471875 0.0609375 0.4859375 0.0453125 0.5125 0.046875 0.5234375 0.0140625 0.5359375 0.0078125 0.5359375 0.003125 0.51875 0.003125 0.5 0 0.4984375 0.003125 0.4953125 0.003125 0.475 0 0.471875 0 0.309375 0.00625 0.3078125 0.0109375 0.3015625 0.0140625 0.3046875 0.0234375 0.3046875 0.0296875 0.3
3 0.1890625 0.0640625 0.19375 0.0703125 0.1921875 0.1484375 0.1875 0.15 0.178125 0.1453125 0.175 0.146875 0.171875 0.1453125 0.1609375 0.1515625 0.1578125 0.15 0.1578125 0.1359375 0.1546875 0.1234375 0.1546875 0.075 0.1625 0.0625 0.1859375 0.0625 0.1875 0.0640625
3 0.18125 0.24375 0.1953125 0.246875 0.203125 0.2578125 0.2015625 0.26875 0.209375 0.2875 0.2109375 0.296875 0.209375 0.340625 0.20625 0.3453125 0.203125 0.3453125 0.1984375 0.340625 0.196875 0.3421875 0.184375 0.3390625 0.165625 0.3484375 0.1609375 0.346875 0.159375 0.3390625 0.1515625 0.3234375 0.1484375 0.2640625 0.1546875 0.259375 0.1578125 0.2515625 0.1625 0.246875 0.1796875 0.24375
1 0.4203125 0.0421875 0.00859375 0.02890625
1 0.3890625 0 0.39375 0 0.39375 0.0140625 0.390625 0.025 0.3875 0.021875 0.3875 0.003125 0.3890625 0.0015625
1 0.084375 0.5125 0.0875 0.521875 0.0875 0.53125 0.078125 0.5453125 0.08125 0.578125 0.078125 0.5828125 0.0765625 0.5953125 0.071875 0.6 0.0640625 0.5984375 0.053125 0.5875 0.0515625 0.571875 0.05625 0.565625 0.0578125 0.546875 0.0609375 0.5375 0.0734375 0.521875 0.0734375 0.5171875 0.078125 0.5125 0.0828125 0.5125
1 0.4109375 0.009375 0.415625 0.0109375 0.415625 0.0328125 0.4140625 0.034375 0.4109375 0.0328125 0.409375 0.0234375 0.4109375 0.0109375
1 0.45078125 0.046875 0.009375 0.02890625
0 0.2625 0.0078125 0.2765625 0.00625 0.28125 0.0171875 0.28125 0.0515625 0.278125 0.053125 0.275 0.05 0.265625 0.05 0.259375 0.053125 0.2578125 0.0328125 0.259375 0.03125 0.259375 0.0125 0.2625 0.009375
0 0.459375 0.1265625 0.4671875 0.1453125 0.4703125 0.1625 0.4703125 0.1859375 0.4671875 0.1921875 0.45625 0.1890625 0.4375 0.190625 0.43125 0.1796875 0.43125 0.14375 0.434375 0.1328125 0.4390625 0.125 0.45625 0.125 0.4578125 0.1265625
0 0.4421875 0.0359375 0.4421875 0.0078125 0.446875 0 0.4578125 0 0.4609375 0.0046875 0.4640625 0.0125 0.465625 0.03125 0.4640625 0.0390625 0.4578125 0.0390625 0.4546875 0.0265625 0.45 0.025 0.446875 0.028125 0.446875 0.034375 0.44375 0.0359375