3 0.521875 0.30625 0.5265625 0.3125 0.540625 0.3140625 0.546875 0.31875 0.55 0.3375 0.54375 0.35 0.54375 0.35625 0.5390625 0.3609375 0.5359375 0.3609375 0.5328125 0.35625 0.525 0.353125 0.5109375 0.3578125 0.5046875 0.3671875 0.5015625 0.3671875 0.4953125 0.3609375 0.4875 0.3578125 0.4828125 0.3484375 0.4859375 0.33125 0.490625 0.325 0.496875 0.321875 0.4984375 0.3171875 0.5109375 0.3046875 0.5203125 0.30625
3 0.2703125 0.1890625 0.02734375 0.04453125
3 0.2171875 0.1625 0.21875 0.1859375 0.215625 0.190625 0.209375 0.1875 0.2 0.1890625 0.190625 0.178125 0.190625 0.159375 0.1953125 0.15 0.209375 0.15 0.215625 0.1625
3 0.678125 0.271875 0.690625 0.275 0.7 0.2796875 0.7015625 0.2828125 0.7015625 0.3015625 0.6984375 0.3109375 0.6921875 0.31875 0.684375 0.31875 0.678125 0.3140625 0.678125 0.2859375 0.6765625 0.284375 0.678125 0.2734375
2 0.6078125 0.21484375 0.0078125 0.04296875
2 0.3890625 0.334375 0.3921875 0.35 0.3921875 0.3921875 0.3859375 0.39375 0.3828125 0.3875 0.3828125 0.34375 0.3875 0.3359375
2 0.3109375 0.4 0.3125 0.3984375 0.3109375 0.396875 0.3125 0.3546875 0.31875 0.353125 0.321875 0.371875 0.321875 0.4078125 0.3140625 0.4109375 0.3125 0.4015625
2 0.3984375 0.175 0.4015625 0.175 0.4046875 0.184375 0.4046875 0.20625 0.4015625 0.2109375 0.396875 0.2125 0.3953125 0.2109375 0.39375 0.1921875 0.3984375 0.1765625
2 0.340625 0.175 0.3453125 0.175 0.3453125 0.2109375 0.340625 0.2109375 0.3390625 0.2015625 0.340625 0.1765625
2 0.575 0.1828125 0.578125 0.1890625 0.578125 0.2328125 0.5734375 0.23125 0.571875 0.221875 0.571875 0.1875 0.5734375 0.184375
2 0.6421875 0.2125 0.64375 0.215625 0.64375 0.2515625 0.640625 0.253125 0.6375 0.2484375 0.6375 0.2140625 0.640625 0.2125
0 0.18125 0.0875 0.1859375 0.0953125 0.1859375 0.1078125 0.1828125 0.1109375 0.171875 0.1109375 0.16875 0.10625 0.1671875 0.1015625 0.16875 0.0921875 0.171875 0.0890625 0.1796875 0.0890625
0 0.18125 0.0734375 0.184375 0.075 0.1859375 0.084375 0.184375 0.0875 0.1796875 0.0890625 0.1703125 0.0859375 0.175 0.075 0.1796875 0.0734375
0 0.3625 0.7625 0.3796875 0.75 0.3875 0.75 0.3921875 0.7546875 0.4109375 0.7875 0.41875 0.8109375 0.425 0.8171875 0.428125 0.8171875 0.4265625 0.8359375 0.434375 0.8515625 0.4390625 0.871875 0.4390625 0.909375 0.4328125 0.91875 0.4109375 0.9359375 0.396875 0.9375 0.390625 0.934375 0.3859375 0.9234375 0.384375 0.903125 0.3765625 0.890625 0.371875 0.8765625 0.3609375 0.8640625 0.35625 0.853125 0.35625 0.840625 0.359375 0.8359375 0.3609375 0.821875 0.35625 0.7828125 0.3625 0.7640625
0 0.171875 0.175 0.1796875 0.19375 0.1796875 0.2109375 0.1734375 0.2125 0.159375 0.2109375 0.1546875 0.2015625 0.1578125 0.1765625 0.1625 0.171875 0.1671875 0.171875 0.1703125 0.175
0 0.3109375 0.3328125 0.31875 0.3375 0.3359375 0.371875 0.334375 0.40625 0.3234375 0.4078125 0.31875 0.3578125 0.3171875 0.35625 0.3125 0.3578125 0.3125 0.38125 0.3109375 0.3828125 0.3140625 0.4 0.3125 0.4109375 0.3078125 0.409375 0.30625 0.3953125 0.303125 0.3921875 0.296875 0.39375 0.2921875 0.3734375 0.296875 0.34375 0.3046875 0.3328125 0.309375 0.3328125
0 0.640625 0.8203125 0.6546875 0.8296875 0.6640625 0.83125 0.6734375 0.8390625 0.678125 0.8484375 0.68125 0.85 0.690625 0.8640625 0.7078125 0.90625 0.7171875 0.9234375 0.7171875 0.9609375 0.7078125 0.9734375 0.7046875 0.9734375 0.7 0.978125 0.6875 0.984375 0.675 0.9796875 0.6703125 0.98125 0.6640625 0.9796875 0.6578125 0.965625 0.6546875 0.95 0.6484375 0.94375 0.6234375 0.90625 0.6109375 0.896875 0.60625 0.8859375 0.6046875 0.8765625 0.60625 0.8390625 0.615625 0.825 0.6296875 0.81875 0.6390625 0.8203125
0 0.209375 0.12421875 0.0234375 0.03203125
0 0.1640625 0.0671875 0.16875 0.0765625 0.16875 0.084375 0.1640625 0.0921875 0.1578125 0.0890625 0.1578125 0.0703125 0.1625 0.0671875
0 0.26875 0.21875 0.2734375 0.225 0.2765625 0.2390625 0.275 0.2609375 0.2734375 0.2625 0.2578125 0.2609375 0.2546875 0.2640625 0.253125 0.2578125 0.2453125 0.25 0.2453125 0.2265625 0.2515625 0.2171875 0.2671875 0.21875
0 0.6 0.3125 0.6046875 0.3171875 0.609375 0.33125 0.609375 0.35 0.60625 0.3609375 0.6015625 0.3671875 0.590625 0.3640625 0.5765625 0.36875 0.5703125 0.375 0.553125 0.3703125 0.55 0.3625 0.5515625 0.340625 0.553125 0.3375 0.559375 0.334375 0.5625 0.3265625 0.5703125 0.3171875 0.58125 0.3125 0.5984375 0.3125
0 0.2640625 0.1515625 0.26875 0.153125 0.2703125 0.15625 0.2703125 0.165625 0.265625 0.165625 0.2578125 0.1734375 0.2546875 0.1859375 0.25 0.1828125 0.2453125 0.1734375 0.24375 0.1625 0.25625 0.15 0.2625 0.1515625
0 0.1921875 0.1 0.196875 0.1015625 0.2 0.109375 0.1984375 0.121875 0.1953125 0.125 0.1890625 0.125 0.184375 0.121875 0.184375 0.1078125 0.190625 0.1015625
0 0.2515625 0.1375 0.25625 0.15 0.2484375 0.159375 0.24375 0.1734375 0.234375 0.165625 0.234375 0.14375 0.2390625 0.1375 0.25 0.1375
0 0.5390625 0.5140625 0.553125 0.528125 0.5578125 0.5375 0.5625 0.5609375 0.5625 0.590625 0.5578125 0.5984375 0.5375 0.603125 0.5265625 0.6109375 0.5234375 0.60625 0.51875 0.584375 0.509375 0.5734375 0.4984375 0.571875 0.4953125 0.5671875 0.4921875 0.55 0.49375 0.5296875 0.4953125 0.5234375 0.5046875 0.5171875 0.5203125 0.5140625 0.5375 0.5140625
0 0.9484375 0.290625 0.04453125 0.0484375
0 0.459375 0.5421875 0.465625 0.54375 0.4734375 0.55 0.484375 0.56875 0.490625 0.5953125 0.490625 0.621875 0.4828125 0.6359375 0.4703125 0.6375 0.4578125 0.64375 0.453125 0.6421875 0.45 0.625 0.4421875 0.6140625 0.434375 0.60625 0.425 0.603125 0.421875 0.5953125 0.421875 0.5671875 0.4234375 0.5578125 0.428125 0.55 0.4578125 0.5421875
0 0.66875 0.303125 0.671875 0.309375 0.6703125 0.3421875 0.6671875 0.3453125 0.6578125 0.346875 0.6515625 0.353125 0.6375 0.3484375 0.634375 0.3453125 0.6328125 0.3265625 0.640625 0.3140625 0.653125 0.30625 0.6671875 0.303125