0 0.1296875 0.4203125 0.125 0.4359375 0.1234375 0.4609375 0.1109375 0.4609375 0.1 0.4484375 0.0921875 0.4484375 0.0890625 0.44375 0.0890625 0.428125 0.0921875 0.421875 0.0984375 0.4203125 0.128125 0.4203125
0 0.9984375 0.4359375 0.9984375 0.4796875 0.9765625 0.4796875 0.9703125 0.4765625 0.965625 0.4734375 0.9640625 0.4609375 0.9640625 0.45 0.96875 0.4375 0.996875 0.4359375
0 0.9453125 0.709375 0.959375 0.7078125 0.9671875 0.715625 0.9703125 0.7265625 0.971875 0.7796875 0.9734375 0.78125 0.971875 0.8296875 0.9671875 0.8359375 0.9609375 0.8375 0.9515625 0.8359375 0.9484375 0.8328125 0.9453125 0.815625 0.9453125 0.7921875 0.940625 0.746875 0.9421875 0.7140625 0.9453125 0.7109375
0 0.7765625 0.5078125 0.784375 0.515625 0.7859375 0.5375 0.784375 0.546875 0.78125 0.5515625 0.7734375 0.5546875 0.7421875 0.5546875 0.7296875 0.5515625 0.725 0.5421875 0.725 0.51875 0.7265625 0.5125 0.7328125 0.509375 0.775 0.5078125
0 0.9140625 0.7140625 0.925 0.71875 0.9296875 0.7296875 0.93125 0.8234375 0.9265625 0.8359375 0.9078125 0.8359375 0.903125 0.8265625 0.9015625 0.7328125 0.903125 0.7203125 0.9125 0.7140625
0 0.2140625 0.4375 0.2234375 0.4453125 0.225 0.4515625 0.23125 0.4578125 0.2390625 0.459375 0.2390625 0.4671875 0.2375 0.4703125 0.221875 0.4703125 0.2125 0.4671875 0.196875 0.471875 0.184375 0.4703125 0.190625 0.459375 0.1953125 0.4421875 0.1984375 0.4359375 0.203125 0.4328125 0.2078125 0.4328125 0.2125 0.4375
0 0.9984375 0.721875 0.9984375 0.8375 0.9921875 0.8359375 0.9890625 0.828125 0.9875 0.7671875 0.9859375 0.765625 0.9875 0.7296875 0.9921875 0.721875 0.996875 0.721875
0 0.8734375 0.409375 0.9203125 0.40625 0.925 0.4125 0.925 0.44375 0.921875 0.446875 0.91875 0.4484375 0.9078125 0.446875 0.875 0.4484375 0.8703125 0.440625 0.8703125 0.4140625 0.8734375 0.4109375
0 0.996875 0.5015625 0.9984375 0.503125 0.996875 0.515625 0.9984375 0.546875 0.9734375 0.55 0.971875 0.5484375 0.95625 0.5484375 0.9515625 0.54375 0.95 0.5375 0.9515625 0.509375 0.959375 0.503125 0.9890625 0.5 0.9953125 0.5015625
0 0.8046875 0.7359375 0.8078125 0.7375 0.8109375 0.746875 0.8125 0.7796875 0.8140625 0.78125 0.8125 0.8234375 0.8078125 0.83125 0.796875 0.83125 0.790625 0.8234375 0.7890625 0.8140625 0.7890625 0.775 0.7859375 0.7484375 0.7890625 0.7375 0.796875 0.734375 0.803125 0.7359375
0 0.628125 0.596875 0.0453125 0.11796875
0 0.271875 0.534375 0.04921875 0.04140625
0 0.9234375 0.5 0.9296875 0.5046875 0.9328125 0.5125 0.9328125 0.5375 0.9296875 0.546875 0.915625 0.55 0.8921875 0.55 0.890625 0.5515625 0.8828125 0.5515625 0.8734375 0.5484375 0.871875 0.5453125 0.8703125 0.540625 0.871875 0.5078125 0.88125 0.5015625 0.921875 0.5
0 0.86875 0.728125 0.875 0.725 0.8859375 0.725 0.890625 0.7296875 0.896875 0.775 0.8953125 0.778125 0.896875 0.790625 0.8953125 0.81875 0.8921875 0.83125 0.8890625 0.8359375 0.875 0.8359375 0.871875 0.83125 0.8671875 0.8171875 0.865625 0.734375 0.86875 0.7296875
0 0.84375 0.71875 0.8484375 0.725 0.8515625 0.740625 0.8515625 0.7703125 0.853125 0.771875 0.8546875 0.8046875 0.853125 0.8140625 0.85 0.8171875 0.834375 0.81875 0.83125 0.821875 0.8265625 0.796875 0.828125 0.784375 0.825 0.759375 0.825 0.734375 0.83125 0.7203125 0.8421875 0.71875
0 0.74375 0.3796875 0.740625 0.3734375 0.740625 0.3453125 0.74375 0.3390625 0.771875 0.3359375 0.784375 0.3375 0.78125 0.35 0.78125 0.365625 0.7890625 0.3765625 0.7875 0.3796875 0.78125 0.38125 0.746875 0.38125 0.7453125 0.3796875
0 0.82109375 0.528125 0.0625 0.046875