0 0.95859375 0.76796875 0.0328125 0.13046875
0 0.7296875 0.5484375 0.7265625 0.540625 0.7265625 0.515625 0.73125 0.5078125 0.7421875 0.5046875 0.7796875 0.50625 0.7859375 0.515625 0.7859375 0.5421875 0.7828125 0.5484375 0.7703125 0.5515625 0.75 0.5515625 0.73125 0.5484375
0 0.88125 0.075 0.884375 0.078125 0.8875 0.0921875 0.8890625 0.1796875 0.8859375 0.1859375 0.875 0.1890625 0.86875 0.1875 0.865625 0.1796875 0.8640625 0.13125 0.8625 0.1296875 0.8625 0.0828125 0.865625 0.0765625 0.86875 0.075 0.8796875 0.075
0 0.9234375 0.7125 0.9296875 0.7203125 0.9328125 0.784375 0.93125 0.7859375 0.93125 0.821875 0.9265625 0.83125 0.921875 0.834375 0.9140625 0.834375 0.90625 0.828125 0.9015625 0.7796875 0.903125 0.7203125 0.9078125 0.7125 0.921875 0.7125
0 0.99375 0.775 0.01328125 0.11640625
0 0.8015625 0.77890625 0.02734375 0.096875
0 0.559375 0.484375 0.5640625 0.4875 0.5671875 0.4984375 0.5671875 0.5875 0.5640625 0.5984375 0.55 0.5984375 0.546875 0.5953125 0.5453125 0.5859375 0.54375 0.4984375 0.546875 0.4875 0.5578125 0.484375
0 0.459375 0.55625 0.465625 0.5625 0.4671875 0.5671875 0.4671875 0.6359375 0.465625 0.6375 0.4671875 0.6453125 0.465625 0.646875 0.465625 0.6625 0.459375 0.6703125 0.4484375 0.66875 0.44375 0.6578125 0.4421875 0.64375 0.44375 0.6421875 0.4453125 0.5640625 0.45 0.5578125 0.4578125 0.55625
0 0.925 0.4984375 0.9296875 0.5 0.9328125 0.5078125 0.934375 0.515625 0.9328125 0.5375 0.928125 0.5453125 0.915625 0.5484375 0.878125 0.5484375 0.875 0.546875 0.8703125 0.5296875 0.871875 0.5078125 0.878125 0.5 0.9234375 0.4984375
0 0.29375 0.5125 0.2984375 0.521875 0.296875 0.5484375 0.2578125 0.55 0.25625 0.5515625 0.25 0.55 0.2515625 0.521875 0.2578125 0.51875 0.271875 0.5171875 0.278125 0.5125 0.2921875 0.5125
0 0.60625 0.18125 0.6140625 0.1890625 0.6171875 0.2140625 0.615625 0.2859375 0.6109375 0.2953125 0.596875 0.2953125 0.59375 0.290625 0.5921875 0.19375 0.59375 0.1875 0.5984375 0.1828125 0.6046875 0.18125
0 0.996875 0.4984375 0.9984375 0.5 0.9984375 0.546875 0.95625 0.5453125 0.9515625 0.5390625 0.95 0.528125 0.9515625 0.5078125 0.95625 0.5015625 0.9953125 0.4984375
0 0.8859375 0.721875 0.890625 0.725 0.8921875 0.7296875 0.896875 0.775 0.89375 0.8234375 0.8859375 0.8328125 0.8765625 0.8328125 0.86875 0.81875 0.8671875 0.74375 0.865625 0.7421875 0.865625 0.734375 0.86875 0.7265625 0.8765625 0.721875 0.884375 0.721875
0 0.765625 0.35703125 0.0484375 0.046875
0 0.840625 0.7734375 0.03203125 0.11640625
0 0.84375 0.5015625 0.8515625 0.50625 0.853125 0.5359375 0.8515625 0.5421875 0.8421875 0.546875 0.796875 0.546875 0.7921875 0.54375 0.790625 0.53125 0.790625 0.5125 0.7953125 0.5046875 0.809375 0.5015625 0.8421875 0.5015625