0 0.5984375 0.14375 0.6046875 0.15 0.60625 0.1625 0.60625 0.228125 0.6015625 0.2453125 0.596875 0.2484375 0.590625 0.2484375 0.584375 0.24375 0.58125 0.228125 0.5828125 0.1515625 0.5890625 0.14375 0.59375 0.1421875 0.596875 0.14375
0 0.84375 0.715625 0.8484375 0.71875 0.8515625 0.7265625 0.85625 0.8015625 0.853125 0.8140625 0.8390625 0.8171875 0.834375 0.8296875 0.83125 0.825 0.8296875 0.7796875 0.825 0.7375 0.8296875 0.7203125 0.834375 0.715625 0.8421875 0.715625
0 0.475 0.5171875 0.48125 0.525 0.48125 0.65 0.4765625 0.65625 0.471875 0.6578125 0.465625 0.6578125 0.459375 0.6546875 0.45625 0.65 0.4546875 0.5671875 0.453125 0.5640625 0.4546875 0.5625 0.4546875 0.525 0.4609375 0.5171875 0.4671875 0.515625 0.4734375 0.5171875
0 0.9609375 0.7046875 0.96875 0.7125 0.971875 0.725 0.9734375 0.784375 0.975 0.7859375 0.975 0.81875 0.971875 0.8296875 0.965625 0.834375 0.9546875 0.8328125 0.9484375 0.825 0.9484375 0.8109375 0.94375 0.7828125 0.94375 0.7296875 0.9421875 0.728125 0.94375 0.7125 0.9484375 0.7046875 0.959375 0.7046875
0 0.7796875 0.50625 0.7859375 0.5125 0.7875 0.5359375 0.784375 0.546875 0.775 0.5515625 0.74375 0.5515625 0.7296875 0.5484375 0.7265625 0.521875 0.7296875 0.509375 0.7359375 0.50625 0.74375 0.5046875 0.7765625 0.5046875 0.778125 0.50625
0 0.8765625 0.13203125 0.02890625 0.11640625
0 0.925 0.7140625 0.9296875 0.7203125 0.93125 0.7328125 0.9328125 0.8234375 0.9296875 0.8296875 0.921875 0.8359375 0.9109375 0.8328125 0.90625 0.825 0.903125 0.7984375 0.903125 0.7671875 0.9046875 0.765625 0.9046875 0.7296875 0.903125 0.7265625 0.9046875 0.7171875 0.9078125 0.7125 0.9234375 0.7140625
0 0.8078125 0.7328125 0.8125 0.74375 0.815625 0.76875 0.8140625 0.8234375 0.8109375 0.828125 0.7984375 0.828125 0.79375 0.8203125 0.790625 0.80625 0.790625 0.7765625 0.7875 0.753125 0.7890625 0.7375 0.796875 0.73125 0.80625 0.7328125
0 0.925 0.4984375 0.93125 0.5015625 0.934375 0.509375 0.934375 0.5359375 0.9296875 0.5453125 0.91875 0.5484375 0.878125 0.5484375 0.871875 0.5390625 0.871875 0.5109375 0.875 0.503125 0.88125 0.5 0.9203125 0.5 0.9234375 0.4984375
0 0.99375 0.71875 0.9984375 0.71875 0.9984375 0.834375 0.99375 0.8328125 0.990625 0.828125 0.990625 0.803125 0.9875 0.7796875 0.9890625 0.7359375 0.990625 0.725 0.99375 0.7203125
0 0.4375 0.1828125 0.440625 0.1875 0.4421875 0.2015625 0.440625 0.20625 0.4421875 0.209375 0.440625 0.2125 0.440625 0.290625 0.4390625 0.2984375 0.43125 0.303125 0.41875 0.3 0.415625 0.29375 0.4140625 0.2140625 0.4171875 0.184375 0.425 0.1796875 0.4359375 0.1828125
0 0.29375 0.5125 0.2984375 0.5234375 0.2984375 0.54375 0.296875 0.5484375 0.284375 0.5515625 0.2765625 0.55 0.2515625 0.5515625 0.25 0.55 0.25 0.5234375 0.2515625 0.5203125 0.2671875 0.51875 0.278125 0.5125 0.2921875 0.5125
0 0.9953125 0.4984375 0.9984375 0.5 0.9984375 0.546875 0.9953125 0.5484375 0.9609375 0.546875 0.9546875 0.54375 0.9515625 0.5375 0.9515625 0.5125 0.953125 0.50625 0.9578125 0.5015625 0.99375 0.4984375
0 0.890625 0.725 0.89375 0.7328125 0.89375 0.746875 0.896875 0.7609375 0.896875 0.8140625 0.890625 0.83125 0.8828125 0.834375 0.875 0.83125 0.86875 0.815625 0.8671875 0.734375 0.871875 0.725 0.8765625 0.7234375 0.8890625 0.725
0 0.778125 0.3328125 0.7859375 0.3359375 0.7828125 0.359375 0.7875 0.3703125 0.7875 0.3765625 0.765625 0.3796875 0.7546875 0.3796875 0.7453125 0.3765625 0.7421875 0.365625 0.74375 0.3390625 0.7515625 0.334375 0.7765625 0.3328125
0 0.82265625 0.525 0.0625 0.046875
0 0.4515625 0.8609375 0.45625 0.865625 0.4578125 0.875 0.4578125 0.91875 0.459375 0.9203125 0.4578125 0.96875 0.45625 0.975 0.4515625 0.9796875 0.4421875 0.9796875 0.4390625 0.978125 0.4375 0.9734375 0.4359375 0.925 0.434375 0.9234375 0.4359375 0.871875 0.440625 0.8625 0.45 0.8609375