0 0.8421875 0.77265625 0.03203125 0.1234375
0 0.959375 0.7 0.9671875 0.7046875 0.9734375 0.7203125 0.9765625 0.8140625 0.975 0.8234375 0.96875 0.8296875 0.9578125 0.8296875 0.95 0.821875 0.946875 0.79375 0.9453125 0.7078125 0.95 0.7015625 0.9578125 0.7
0 0.75859375 0.52421875 0.0609375 0.0484375
0 0.88125 0.06875 0.8875 0.075 0.890625 0.1015625 0.890625 0.1421875 0.8921875 0.14375 0.890625 0.178125 0.88125 0.184375 0.871875 0.184375 0.86875 0.1796875 0.865625 0.146875 0.865625 0.1046875 0.8640625 0.103125 0.865625 0.075 0.8796875 0.06875
0 0.9203125 0.709375 0.928125 0.7125 0.93125 0.7171875 0.934375 0.815625 0.9328125 0.8234375 0.928125 0.828125 0.91875 0.83125 0.9125 0.8296875 0.90625 0.821875 0.90625 0.7921875 0.9046875 0.790625 0.90625 0.7125 0.9109375 0.709375 0.91875 0.709375
0 0.9984375 0.7140625 0.9984375 0.8296875 0.99375 0.828125 0.9921875 0.8234375 0.990625 0.7765625 0.9890625 0.775 0.990625 0.7234375 0.9921875 0.7171875 0.996875 0.7140625
0 0.796875 0.8234375 0.790625 0.7984375 0.790625 0.7453125 0.7890625 0.7421875 0.7921875 0.7328125 0.8015625 0.7265625 0.8109375 0.73125 0.815625 0.75 0.815625 0.8125 0.8125 0.8234375 0.80625 0.825 0.7984375 0.8234375
0 0.42265625 0.61484375 0.0234375 0.0875
0 0.9046875 0.5203125 0.065625 0.0515625
0 0.2921875 0.5078125 0.2984375 0.5140625 0.2984375 0.5421875 0.296875 0.5453125 0.290625 0.5484375 0.2515625 0.5484375 0.25 0.546875 0.25 0.5203125 0.253125 0.515625 0.26875 0.5140625 0.2828125 0.5078125 0.290625 0.5078125
0 0.4703125 0.3234375 0.475 0.325 0.478125 0.33125 0.478125 0.3546875 0.4796875 0.35625 0.478125 0.3578125 0.478125 0.4328125 0.471875 0.4390625 0.4625 0.4390625 0.4578125 0.4359375 0.45625 0.3859375 0.4546875 0.384375 0.45625 0.3296875 0.4609375 0.3234375 0.465625 0.321875 0.46875 0.3234375
0 0.996875 0.4953125 0.9984375 0.496875 0.9984375 0.540625 0.996875 0.5421875 0.9625 0.5421875 0.9578125 0.540625 0.953125 0.5328125 0.953125 0.50625 0.95625 0.5 0.965625 0.496875 0.9953125 0.4953125
0 0.8875 0.7171875 0.89375 0.725 0.8984375 0.75625 0.8984375 0.80625 0.8953125 0.8234375 0.890625 0.828125 0.878125 0.828125 0.8734375 0.8234375 0.8703125 0.815625 0.86875 0.725 0.8765625 0.71875 0.8859375 0.7171875
0 0.6125 0.6703125 0.6171875 0.675 0.6203125 0.6859375 0.6203125 0.70625 0.61875 0.7078125 0.6203125 0.73125 0.6171875 0.759375 0.6171875 0.7875 0.6140625 0.796875 0.6078125 0.8 0.596875 0.7984375 0.5921875 0.7859375 0.5921875 0.7109375 0.59375 0.709375 0.59375 0.678125 0.596875 0.671875 0.6 0.6703125 0.6109375 0.6703125
0 0.7859375 0.328125 0.7875 0.3328125 0.784375 0.3390625 0.784375 0.359375 0.790625 0.3671875 0.7890625 0.3734375 0.746875 0.3734375 0.74375 0.3671875 0.74375 0.3375 0.7484375 0.3328125 0.7703125 0.328125 0.784375 0.328125
0 0.8234375 0.52109375 0.06328125 0.046875
0 0.4734375 0.8359375 0.4765625 0.8453125 0.4765625 0.909375 0.475 0.9109375 0.4734375 0.9484375 0.4625 0.9484375 0.4546875 0.9453125 0.4546875 0.9265625 0.453125 0.925 0.4546875 0.8375 0.459375 0.834375 0.471875 0.8359375