3 0.559375 0.359375 0.5640625 0.3640625 0.565625 0.3703125 0.565625 0.396875 0.5671875 0.3984375 0.565625 0.4015625 0.5671875 0.4046875 0.565625 0.4609375 0.5671875 0.4625 0.565625 0.4640625 0.565625 0.496875 0.5640625 0.4984375 0.54375 0.4984375 0.5421875 0.4828125 0.5421875 0.3734375 0.5453125 0.3625 0.5578125 0.359375
0 0.9 0.390625 0.90625 0.3875 0.9390625 0.3859375 0.9421875 0.3828125 0.9578125 0.384375 0.9625 0.3890625 0.965625 0.4 0.965625 0.421875 0.9625 0.4296875 0.9578125 0.434375 0.9046875 0.4375 0.8984375 0.43125 0.896875 0.41875 0.9 0.3921875
0 0.565625 0.865625 0.5703125 0.8765625 0.5703125 0.9859375 0.5640625 0.990625 0.553125 0.9890625 0.55 0.9859375 0.55 0.9390625 0.546875 0.9109375 0.55 0.86875 0.5546875 0.8640625 0.5640625 0.865625
0 0.9609375 0.7 0.9640625 0.7015625 0.9703125 0.7171875 0.971875 0.7703125 0.9734375 0.771875 0.9734375 0.81875 0.965625 0.828125 0.95625 0.828125 0.9484375 0.8234375 0.94375 0.7890625 0.9421875 0.7109375 0.9453125 0.7015625 0.959375 0.7
0 0.7796875 0.5015625 0.7859375 0.5125 0.7859375 0.5359375 0.7828125 0.54375 0.76875 0.5484375 0.7375 0.546875 0.7296875 0.54375 0.7265625 0.5390625 0.7265625 0.509375 0.7296875 0.503125 0.7375 0.5 0.7765625 0.5 0.778125 0.5015625
0 0.9171875 0.76875 0.03203125 0.1234375
0 0.2234375 0.4234375 0.228125 0.428125 0.228125 0.4484375 0.234375 0.45625 0.234375 0.4609375 0.2296875 0.4640625 0.1859375 0.4625 0.1921875 0.453125 0.1953125 0.4390625 0.2 0.434375 0.203125 0.425 0.215625 0.421875 0.221875 0.4234375
0 0.86875 0.184375 0.8640625 0.1671875 0.8640625 0.1453125 0.8625 0.14375 0.8625 0.0765625 0.8734375 0.0703125 0.878125 0.0703125 0.884375 0.0765625 0.8859375 0.08125 0.8890625 0.175 0.8828125 0.1828125 0.8703125 0.184375
0 0.46875 0.5234375 0.4734375 0.5265625 0.4765625 0.534375 0.475 0.6390625 0.471875 0.6421875 0.4578125 0.6421875 0.4546875 0.6359375 0.45625 0.575 0.453125 0.55625 0.453125 0.5375 0.45625 0.5265625 0.4671875 0.5234375
0 0.8 0.725 0.809375 0.73125 0.8125 0.740625 0.815625 0.7890625 0.8140625 0.790625 0.8140625 0.8125 0.8109375 0.821875 0.7953125 0.8234375 0.7921875 0.8171875 0.7875 0.7359375 0.79375 0.7265625 0.7984375 0.7265625
0 0.275 0.528125 0.05078125 0.04140625
0 0.9265625 0.49375 0.9328125 0.5046875 0.9328125 0.5328125 0.9265625 0.540625 0.9125 0.54375 0.8796875 0.54375 0.8734375 0.5390625 0.8703125 0.5296875 0.871875 0.5015625 0.8828125 0.4953125 0.925 0.49375
0 0.8453125 0.4984375 0.8515625 0.5015625 0.8515625 0.521875 0.853125 0.5234375 0.8515625 0.5375 0.8484375 0.540625 0.840625 0.5421875 0.81875 0.5421875 0.8171875 0.54375 0.796875 0.5421875 0.7921875 0.5375 0.790625 0.5078125 0.79375 0.5015625 0.84375 0.4984375
0 0.9984375 0.7125 0.9984375 0.828125 0.99375 0.828125 0.9890625 0.8203125 0.9890625 0.8 0.9875 0.7984375 0.9890625 0.7828125 0.9859375 0.7625 0.9875 0.721875 0.990625 0.7140625 0.996875 0.7125
0 0.459375 0 0.471875 0 0.475 0.021875 0.478125 0.0265625 0.4765625 0.053125 0.4640625 0.0546875 0.459375 0.0515625 0.4578125 0.046875 0.4578125 0.003125 0.459375 0.0015625
0 0.9984375 0.4953125 0.9984375 0.5140625 0.996875 0.515625 0.9984375 0.540625 0.9953125 0.5421875 0.9546875 0.5390625 0.9515625 0.534375 0.95 0.5171875 0.9515625 0.503125 0.953125 0.5 0.959375 0.496875 0.984375 0.49375 0.996875 0.4953125
0 0.871875 0.8234375 0.86875 0.8140625 0.865625 0.7265625 0.8703125 0.7203125 0.8765625 0.7171875 0.8875 0.7171875 0.8921875 0.725 0.896875 0.7625 0.896875 0.7796875 0.8953125 0.78125 0.8953125 0.8109375 0.8921875 0.8234375 0.8828125 0.828125 0.8734375 0.8234375
0 0.8421875 0.7109375 0.8484375 0.7171875 0.8515625 0.7328125 0.8546875 0.8015625 0.8515625 0.8125 0.8453125 0.8140625 0.8375 0.8125 0.83125 0.8203125 0.828125 0.790625 0.8296875 0.78125 0.8265625 0.7625 0.828125 0.759375 0.8234375 0.7421875 0.8234375 0.7328125 0.8296875 0.7140625 0.840625 0.7109375
0 0.74375 0.334375 0.765625 0.328125 0.7859375 0.328125 0.7859375 0.334375 0.7828125 0.3375 0.7828125 0.359375 0.7890625 0.365625 0.7875 0.3734375 0.7765625 0.375 0.7453125 0.3734375 0.7421875 0.36875 0.740625 0.3578125 0.74375 0.3359375
0 0.8453125 0.4140625 0.853125 0.425 0.853125 0.446875 0.8484375 0.45625 0.8359375 0.4609375 0.8015625 0.459375 0.7953125 0.45625 0.7921875 0.4484375 0.7921875 0.425 0.79375 0.4203125 0.803125 0.4140625 0.815625 0.4125 0.84375 0.4140625