0 0.8421875 0.715625 0.8484375 0.7203125 0.8515625 0.728125 0.8546875 0.7921875 0.85625 0.79375 0.8546875 0.7984375 0.85625 0.8265625 0.846875 0.846875 0.8390625 0.8453125 0.834375 0.8390625 0.828125 0.79375 0.8265625 0.7328125 0.8296875 0.721875 0.8359375 0.715625 0.840625 0.715625
0 0.4734375 0.7765625 0.478125 0.784375 0.4796875 0.8 0.478125 0.8015625 0.4796875 0.8125 0.478125 0.8734375 0.4796875 0.8796875 0.4765625 0.896875 0.4703125 0.9015625 0.4625 0.9015625 0.4578125 0.896875 0.4546875 0.7953125 0.459375 0.7796875 0.465625 0.775 0.471875 0.7765625
0 0.965625 0.70625 0.971875 0.721875 0.971875 0.7375 0.9734375 0.7390625 0.975 0.8234375 0.9734375 0.828125 0.9640625 0.834375 0.95625 0.8328125 0.9484375 0.8234375 0.9453125 0.7953125 0.9453125 0.753125 0.94375 0.7515625 0.9453125 0.709375 0.9484375 0.7046875 0.953125 0.703125 0.9640625 0.70625
0 0.778125 0.5046875 0.7859375 0.5125 0.7875 0.5390625 0.784375 0.5484375 0.771875 0.5515625 0.75625 0.55 0.7515625 0.5515625 0.73125 0.5484375 0.728125 0.54375 0.728125 0.5125 0.73125 0.5078125 0.7375 0.5046875 0.7765625 0.5046875
0 0.88125 0.0734375 0.8859375 0.0765625 0.8890625 0.0921875 0.890625 0.1796875 0.8859375 0.1859375 0.8765625 0.1875 0.86875 0.1859375 0.865625 0.1671875 0.8640625 0.08125 0.86875 0.075 0.8796875 0.0734375
0 0.9234375 0.7125 0.928125 0.715625 0.93125 0.725 0.93125 0.753125 0.9328125 0.7546875 0.93125 0.7578125 0.9328125 0.7609375 0.9328125 0.8234375 0.925 0.834375 0.9140625 0.834375 0.9078125 0.828125 0.9046875 0.8109375 0.9046875 0.7203125 0.9078125 0.7125 0.921875 0.7125
0 0.60625 0.9234375 0.6109375 0.925 0.615625 0.9421875 0.6140625 0.9984375 0.590625 0.9984375 0.5890625 0.9921875 0.590625 0.9890625 0.5890625 0.9328125 0.5921875 0.925 0.5984375 0.921875 0.6046875 0.9234375
0 0.803125 0.7796875 0.02734375 0.0984375
0 0.93125 0.5 0.9359375 0.5171875 0.934375 0.5375 0.9296875 0.5453125 0.9171875 0.5484375 0.8796875 0.5484375 0.8765625 0.546875 0.871875 0.5359375 0.8734375 0.50625 0.878125 0.5 0.90625 0.5 0.9078125 0.4984375 0.9296875 0.5
0 0.9984375 0.7171875 0.9984375 0.834375 0.9953125 0.834375 0.9921875 0.8296875 0.9890625 0.7984375 0.9890625 0.7390625 0.9921875 0.7203125 0.996875 0.7171875
0 0.29375 0.5125 0.2984375 0.5234375 0.2984375 0.5421875 0.296875 0.546875 0.290625 0.55 0.2515625 0.55 0.25 0.5484375 0.25 0.525 0.2515625 0.5203125 0.2546875 0.51875 0.271875 0.5171875 0.278125 0.5125 0.2921875 0.5125
0 0.4734375 0.078125 0.48125 0.0859375 0.48125 0.1234375 0.4796875 0.1265625 0.48125 0.128125 0.48125 0.184375 0.4828125 0.1875 0.4796875 0.2109375 0.46875 0.215625 0.45625 0.209375 0.4546875 0.1140625 0.459375 0.096875 0.4546875 0.090625 0.4546875 0.0859375 0.45625 0.08125 0.4609375 0.078125 0.471875 0.078125
0 0.97578125 0.521875 0.0484375 0.05
0 0.890625 0.7234375 0.8953125 0.7390625 0.8953125 0.75625 0.896875 0.7578125 0.896875 0.8171875 0.89375 0.828125 0.8875 0.8328125 0.88125 0.8328125 0.875 0.8296875 0.86875 0.8140625 0.8671875 0.7375 0.86875 0.728125 0.871875 0.725 0.8796875 0.721875 0.8890625 0.7234375
0 0.7796875 0.3328125 0.7859375 0.334375 0.7828125 0.35625 0.7890625 0.3734375 0.7875 0.3765625 0.7765625 0.378125 0.75 0.378125 0.74375 0.3734375 0.74375 0.3390625 0.75 0.334375 0.7578125 0.3328125 0.778125 0.3328125
0 0.4109375 0.9984375 0.4109375 0.9859375 0.415625 0.975 0.428125 0.9765625 0.43125 0.9875 0.43125 0.9984375 0.4125 0.9984375
0 0.8234375 0.52421875 0.06328125 0.04609375
0 0.4390625 0.3234375 0.4453125 0.3296875 0.4484375 0.3609375 0.4484375 0.4234375 0.4421875 0.4359375 0.428125 0.434375 0.4265625 0.4 0.425 0.3984375 0.4234375 0.3421875 0.428125 0.3265625 0.4328125 0.3234375 0.4375 0.3234375