0 0.8828125 0.0703125 0.8875 0.0796875 0.8890625 0.090625 0.890625 0.1765625 0.8875 0.18125 0.88125 0.184375 0.86875 0.1828125 0.8640625 0.14375 0.865625 0.134375 0.8640625 0.13125 0.865625 0.1203125 0.8640625 0.0765625 0.871875 0.0703125 0.878125 0.06875 0.88125 0.0703125
0 0.9046875 0.51953125 0.06484375 0.053125
0 0.9625 0.7 0.9671875 0.7046875 0.971875 0.7171875 0.9734375 0.765625 0.975 0.7671875 0.975 0.8203125 0.96875 0.828125 0.9640625 0.8296875 0.9546875 0.828125 0.9484375 0.8203125 0.9484375 0.803125 0.9453125 0.7890625 0.9453125 0.759375 0.94375 0.7578125 0.9453125 0.7046875 0.95 0.7 0.9609375 0.7
0 0.921875 0.709375 0.928125 0.7125 0.93125 0.71875 0.9296875 0.728125 0.9328125 0.759375 0.9328125 0.821875 0.925 0.8296875 0.91875 0.83125 0.9109375 0.828125 0.90625 0.821875 0.903125 0.73125 0.90625 0.7125 0.909375 0.709375 0.9203125 0.709375
0 0.99375 0.7125 0.9984375 0.7125 0.9984375 0.83125 0.99375 0.828125 0.990625 0.8203125 0.990625 0.790625 0.9890625 0.7890625 0.990625 0.7875 0.9890625 0.7828125 0.9890625 0.7296875 0.99375 0.7140625
0 0.8078125 0.728125 0.8109375 0.73125 0.8140625 0.7453125 0.815625 0.7859375 0.8171875 0.7875 0.815625 0.8125 0.8125 0.8234375 0.796875 0.8234375 0.790625 0.7953125 0.7890625 0.7375 0.79375 0.728125 0.796875 0.7265625 0.80625 0.728125
0 0.55625 0.6546875 0.5625 0.66875 0.5625 0.71875 0.5640625 0.7203125 0.5625 0.765625 0.5578125 0.7734375 0.5421875 0.7734375 0.540625 0.7703125 0.5390625 0.7125 0.5375 0.7109375 0.540625 0.6625 0.5453125 0.6546875 0.5484375 0.653125 0.5546875 0.6546875
0 0.2515625 0.5171875 0.2703125 0.5140625 0.2796875 0.509375 0.29375 0.509375 0.2984375 0.515625 0.2984375 0.5421875 0.2921875 0.5484375 0.2515625 0.5484375 0.25 0.546875 0.2515625 0.51875
0 0.871875 0.3875 0.878125 0.40625 0.878125 0.421875 0.875 0.4328125 0.871875 0.4359375 0.8546875 0.440625 0.84375 0.440625 0.8328125 0.44375 0.8171875 0.44375 0.8125 0.4375 0.8109375 0.4296875 0.8125 0.4 0.8203125 0.39375 0.8359375 0.3890625 0.8703125 0.3875
0 0.775 0.5 0.78125 0.5015625 0.7859375 0.50625 0.7875 0.5359375 0.7828125 0.5453125 0.7734375 0.5484375 0.7375 0.546875 0.7296875 0.540625 0.728125 0.5359375 0.728125 0.5125 0.7328125 0.503125 0.74375 0.5 0.7734375 0.5
0 0.9546875 0.5 0.9890625 0.49375 0.9984375 0.4953125 0.9984375 0.5421875 0.965625 0.5421875 0.95625 0.5390625 0.953125 0.5359375 0.9515625 0.5203125 0.9546875 0.5015625
0 0.8875 0.7171875 0.89375 0.725 0.8984375 0.7625 0.8984375 0.8046875 0.8953125 0.8234375 0.890625 0.828125 0.8796875 0.828125 0.8734375 0.8234375 0.8703125 0.815625 0.86875 0.8 0.8703125 0.7921875 0.86875 0.790625 0.8671875 0.73125 0.86875 0.725 0.875 0.71875 0.8859375 0.7171875
0 0.84375 0.7125 0.8484375 0.715625 0.8515625 0.7234375 0.85625 0.771875 0.85625 0.809375 0.8546875 0.8109375 0.85625 0.8234375 0.8515625 0.8359375 0.8453125 0.8390625 0.8390625 0.8375 0.83125 0.81875 0.8296875 0.7625 0.825 0.7390625 0.8265625 0.7265625 0.83125 0.7140625 0.8421875 0.7125
0 0.6765625 0.475 0.68125 0.471875 0.70625 0.4375 0.7109375 0.4359375 0.7171875 0.4375 0.7234375 0.4515625 0.7234375 0.4640625 0.7171875 0.4796875 0.6828125 0.521875 0.675 0.5234375 0.6671875 0.5046875 0.66875 0.4890625 0.6765625 0.4765625
0 0.7671875 0.3515625 0.04765625 0.05
0 0.8421875 0.4984375 0.853125 0.5015625 0.8546875 0.5078125 0.853125 0.5375 0.8453125 0.5421875 0.828125 0.5421875 0.8265625 0.54375 0.8015625 0.54375 0.7953125 0.540625 0.7921875 0.5234375 0.79375 0.50625 0.7984375 0.5 0.840625 0.4984375