3 0.5875 0.2359375 0.590625 0.2671875 0.5875 0.2859375 0.5828125 0.284375 0.5703125 0.2859375 0.56875 0.2828125 0.5703125 0.2375 0.5859375 0.2359375
2 0.821875 0.0078125 0.821875 0.065625 0.8171875 0.06875 0.8015625 0.06875 0.8 0.0671875 0.7984375 0.06875 0.7640625 0.06875 0.7625 0.0703125 0.7296875 0.06875 0.728125 0.0671875 0.728125 0.0109375 0.73125 0.0078125 0.8203125 0.0078125
2 0.609375 0.1421875 0.6328125 0.140625 0.6359375 0.14375 0.634375 0.159375 0.61875 0.159375 0.6171875 0.1609375 0.6125 0.1609375 0.6078125 0.1578125 0.609375 0.14375
2 0.678125 0.234375 0.68125 0.2375 0.68125 0.2515625 0.678125 0.253125 0.675 0.2484375 0.6765625 0.2359375
2 0.15 0.2125 0.15625 0.2125 0.159375 0.2203125 0.159375 0.25 0.1578125 0.2546875 0.153125 0.25625 0.15 0.253125 0.15 0.2140625
2 0.565625 0.14375 0.5671875 0.1453125 0.5671875 0.1609375 0.5515625 0.1625 0.5390625 0.1609375 0.5390625 0.1484375 0.5421875 0.1453125 0.55 0.14375 0.5640625 0.14375
2 0.25546875 0.13984375 0.0359375 0.0265625
2 0.9515625 0.2046875 0.953125 0.2078125 0.953125 0.2671875 0.95 0.2703125 0.9421875 0.2640625 0.9359375 0.2515625 0.9359375 0.2421875 0.94375 0.2359375 0.9375 0.2234375 0.9359375 0.209375 0.940625 0.20625 0.95 0.2046875
2 0.3703125 0.1953125 0.375 0.2015625 0.3734375 0.2078125 0.375 0.2234375 0.371875 0.2328125 0.3671875 0.2328125 0.3640625 0.228125 0.3640625 0.2015625 0.365625 0.196875 0.36875 0.1953125
2 0.5328125 0.2453125 0.53125 0.240625 0.5328125 0.2359375 0.5359375 0.2375 0.534375 0.2453125
2 0.08125 0.309375 0.09375 0.30625 0.1 0.3 0.1078125 0.3 0.1140625 0.325 0.1125 0.3265625 0.1140625 0.33125 0.1125 0.3453125 0.1078125 0.353125 0.103125 0.353125 0.0890625 0.3375 0.0828125 0.3234375 0.08125 0.3109375
2 0.4640625 0.1640625 0.4640625 0.1609375 0.46875 0.1578125 0.4828125 0.1578125 0.484375 0.1609375 0.48125 0.1640625 0.4671875 0.165625 0.465625 0.1640625
2 0.1859375 0.034375 0.1890625 0.0578125 0.1875 0.0734375 0.184375 0.075 0.1046875 0.075 0.1015625 0.071875 0.1015625 0.0359375 0.1046875 0.0328125 0.1078125 0.034375 0.1484375 0.034375 0.153125 0.03125 0.1578125 0.03125 0.1640625 0.034375 0.171875 0.03125 0.184375 0.034375
2 0.3859375 0.2 0.3890625 0.2234375 0.3875 0.2265625 0.3828125 0.2234375 0.3796875 0.2265625 0.3796875 0.23125 0.3796875 0.203125 0.384375 0.2
2 0.4234375 0.1609375 0.4421875 0.1609375 0.4421875 0.165625 0.4296875 0.1671875 0.4234375 0.1671875 0.421875 0.1640625 0.4234375 0.1625
2 0.115625 0.121875 0.121875 0.1234375 0.125 0.128125 0.125 0.2515625 0.1265625 0.2546875 0.115625 0.2640625 0.1 0.2640625 0.0984375 0.265625 0.090625 0.265625 0.0875 0.259375 0.0859375 0.125 0.1 0.121875 0.1140625 0.121875
2 0.421875 0.0109375 0.4234375 0.0125 0.4234375 0.0703125 0.4046875 0.0734375 0.3984375 0.071875 0.328125 0.0734375 0.3265625 0.071875 0.3265625 0.0140625 0.328125 0.0125 0.4203125 0.0109375
2 0.68125 0.1359375 0.7015625 0.1375 0.7078125 0.1421875 0.709375 0.1484375 0.70625 0.15625 0.68125 0.15625 0.6796875 0.1453125 0.68125 0.1375
2 0.5921875 0.009375 0.59375 0.0109375 0.675 0.009375 0.678125 0.0125 0.6765625 0.06875 0.6140625 0.0703125 0.6125 0.071875 0.5640625 0.0703125 0.5625 0.06875 0.5625 0.0484375 0.5609375 0.046875 0.5625 0.04375 0.5625 0.0125 0.590625 0.009375
0 0.45625 0.3625 0.4578125 0.3640625 0.4765625 0.3640625 0.4859375 0.3671875 0.4921875 0.375 0.5 0.4109375 0.5125 0.4125 0.5140625 0.415625 0.5125 0.4265625 0.50625 0.4296875 0.50625 0.44375 0.5109375 0.46875 0.5125 0.5421875 0.509375 0.546875 0.503125 0.546875 0.4953125 0.5328125 0.4859375 0.528125 0.4328125 0.5265625 0.421875 0.5296875 0.415625 0.534375 0.4125 0.5484375 0.403125 0.546875 0.4 0.4671875 0.4046875 0.4515625 0.40625 0.4328125 0.396875 0.4265625 0.3953125 0.41875 0.3984375 0.4125 0.4109375 0.4109375 0.41875 0.375 0.4234375 0.36875 0.43125 0.365625 0.4546875 0.3625
0 0.5453125 0.2671875 0.553125 0.2734375 0.5546875 0.284375 0.553125 0.296875 0.5515625 0.2984375 0.54375 0.296875 0.5421875 0.2890625 0.54375 0.2828125 0.540625 0.275 0.5359375 0.271875 0.5375 0.26875 0.54375 0.26875
0 0.5125 0.275 0.5203125 0.275 0.5234375 0.2796875 0.5296875 0.3015625 0.528125 0.315625 0.51875 0.3140625 0.515625 0.30625 0.515625 0.290625 0.5109375 0.2796875 0.5125 0.2765625
0 0.5328125 0.2703125 0.5390625 0.2953125 0.5390625 0.303125 0.5359375 0.30625 0.53125 0.3046875 0.5296875 0.290625 0.521875 0.275 0.5234375 0.2703125 0.53125 0.2703125
0 0.6578125 0.26875 0.6640625 0.2703125 0.6703125 0.2796875 0.6703125 0.3109375 0.6640625 0.3109375 0.659375 0.3078125 0.65 0.3078125 0.6453125 0.3109375 0.640625 0.3109375 0.6390625 0.3078125 0.640625 0.2796875 0.6453125 0.2703125 0.65625 0.26875
0 0.5578125 0.265625 0.5671875 0.265625 0.56875 0.2703125 0.5671875 0.2859375 0.5578125 0.2875 0.55625 0.2859375 0.55625 0.26875 0.5578125 0.2671875
0 0.4765625 0.2984375 0.02421875 0.04140625
0 0.50625 0.275 0.5109375 0.278125 0.5125 0.284375 0.515625 0.3203125 0.5046875 0.315625 0.4984375 0.315625 0.4921875 0.3203125 0.4875 0.3203125 0.4875 0.2921875 0.490625 0.28125 0.49375 0.2765625 0.5046875 0.275
0 0.6296875 0.3015625 0.628125 0.284375 0.6296875 0.2765625 0.6359375 0.2703125 0.64375 0.2703125 0.64375 0.275 0.6375 0.2859375 0.6375 0.296875 0.6359375 0.3 0.63125 0.3015625