0 0.9296875 0.4234375 0.93125 0.425 0.9390625 0.4234375 0.9484375 0.425 0.9578125 0.4390625 0.9578125 0.459375 0.953125 0.46875 0.9390625 0.4734375 0.93125 0.4703125 0.9078125 0.46875 0.903125 0.4671875 0.896875 0.4609375 0.8953125 0.44375 0.896875 0.43125 0.9 0.425 0.928125 0.4234375
0 0.1328125 0.4140625 0.134375 0.440625 0.125 0.4578125 0.1140625 0.45625 0.1078125 0.4484375 0.0859375 0.4390625 0.0828125 0.4328125 0.09375 0.4140625 0.1109375 0.4140625 0.1125 0.4125 0.1296875 0.4125 0.13125 0.4140625
0 0.9453125 0.7 0.9625 0.7 0.96875 0.7140625 0.9703125 0.7484375 0.971875 0.75 0.971875 0.784375 0.9734375 0.7859375 0.971875 0.7875 0.971875 0.81875 0.9703125 0.821875 0.9640625 0.8265625 0.95625 0.828125 0.946875 0.8203125 0.9421875 0.7765625 0.9421875 0.70625 0.9453125 0.7015625
0 0.79375 0.4015625 0.8 0.40625 0.8015625 0.4125 0.803125 0.4234375 0.8015625 0.440625 0.79375 0.4453125 0.7828125 0.4453125 0.7609375 0.4515625 0.7546875 0.4515625 0.7484375 0.4453125 0.746875 0.421875 0.75 0.4125 0.7765625 0.409375 0.7921875 0.403125
0 0.8765625 0.0703125 0.884375 0.078125 0.8859375 0.1140625 0.8875 0.115625 0.8875 0.1765625 0.8796875 0.184375 0.86875 0.184375 0.865625 0.18125 0.8625 0.1609375 0.8625 0.13125 0.8609375 0.1296875 0.8625 0.1265625 0.8609375 0.1234375 0.8625 0.121875 0.8609375 0.08125 0.865625 0.0734375 0.875 0.0703125
0 0.915625 0.70625 0.921875 0.7078125 0.9265625 0.7125 0.9296875 0.725 0.93125 0.8109375 0.928125 0.8234375 0.91875 0.83125 0.9109375 0.8296875 0.9046875 0.821875 0.903125 0.7875 0.9015625 0.7859375 0.903125 0.7140625 0.9078125 0.7078125 0.9140625 0.70625
0 0.8078125 0.728125 0.8109375 0.734375 0.8140625 0.7625 0.8125 0.8171875 0.8109375 0.821875 0.8078125 0.8234375 0.796875 0.8234375 0.7921875 0.8203125 0.7890625 0.8015625 0.7890625 0.7546875 0.7875 0.753125 0.7875 0.7359375 0.790625 0.728125 0.7953125 0.725 0.803125 0.725 0.80625 0.728125
0 0.2921875 0.5078125 0.296875 0.5140625 0.296875 0.540625 0.2890625 0.5484375 0.2640625 0.5484375 0.2625 0.546875 0.2515625 0.5484375 0.25 0.546875 0.25 0.5203125 0.253125 0.515625 0.26875 0.5140625 0.2828125 0.5078125 0.290625 0.5078125
0 0.871875 0.5 0.8796875 0.4953125 0.9265625 0.49375 0.9328125 0.5078125 0.93125 0.534375 0.925 0.540625 0.8796875 0.54375 0.8734375 0.540625 0.8703125 0.5328125 0.871875 0.5015625
0 0.990625 0.7125 0.9984375 0.7125 0.9984375 0.8296875 0.9921875 0.8265625 0.9875 0.815625 0.9859375 0.725 0.990625 0.7140625
0 0.4140625 0.15 0.41875 0.1484375 0.4265625 0.15 0.43125 0.1625 0.43125 0.2609375 0.4296875 0.2625 0.4109375 0.2609375 0.4078125 0.2515625 0.409375 0.1859375 0.40625 0.171875 0.409375 0.159375 0.4140625 0.1515625
0 0.9515625 0.5 0.9578125 0.496875 0.9703125 0.496875 0.9828125 0.49375 0.9984375 0.4953125 0.9984375 0.5140625 0.996875 0.515625 0.9984375 0.5390625 0.996875 0.540625 0.9578125 0.540625 0.9546875 0.5390625 0.95 0.5328125 0.9484375 0.525 0.9515625 0.5015625
0 0.8875 0.7171875 0.890625 0.721875 0.8953125 0.753125 0.8953125 0.8078125 0.89375 0.81875 0.8859375 0.8265625 0.8765625 0.8265625 0.8703125 0.81875 0.8671875 0.8046875 0.8671875 0.7515625 0.865625 0.75 0.865625 0.725 0.875 0.7171875 0.8859375 0.7171875
0 0.7765625 0.5 0.7828125 0.50625 0.7859375 0.51875 0.7859375 0.5296875 0.7828125 0.5421875 0.7796875 0.5453125 0.76875 0.5484375 0.7390625 0.546875 0.7296875 0.54375 0.7265625 0.5390625 0.7265625 0.50625 0.7390625 0.5 0.775 0.5
0 0.8453125 0.7109375 0.8484375 0.715625 0.8515625 0.734375 0.8546875 0.8203125 0.8515625 0.834375 0.84375 0.840625 0.834375 0.8359375 0.8296875 0.821875 0.828125 0.778125 0.8234375 0.746875 0.8234375 0.7296875 0.8296875 0.7125 0.840625 0.709375 0.84375 0.7109375
0 0.7859375 0.328125 0.78125 0.34375 0.78125 0.3546875 0.7828125 0.3609375 0.7890625 0.365625 0.790625 0.3703125 0.7875 0.3734375 0.7640625 0.3734375 0.7625 0.375 0.74375 0.3734375 0.740625 0.365625 0.740625 0.3375 0.746875 0.33125 0.753125 0.3296875 0.765625 0.3296875 0.778125 0.3265625 0.784375 0.328125
0 0.85 0.5 0.8515625 0.5015625 0.8515625 0.534375 0.85 0.5375 0.8453125 0.540625 0.8234375 0.540625 0.821875 0.5421875 0.7984375 0.5421875 0.7921875 0.5375 0.790625 0.5328125 0.7921875 0.503125 0.7953125 0.5 0.8359375 0.4984375 0.8375 0.496875 0.8484375 0.5
0 0.2203125 0.4234375 0.225 0.425 0.228125 0.4296875 0.228125 0.446875 0.23125 0.45 0.2390625 0.4515625 0.2421875 0.4546875 0.2421875 0.459375 0.2390625 0.4625 0.20625 0.4609375 0.1953125 0.465625 0.1859375 0.4625 0.1921875 0.4546875 0.1953125 0.4390625 0.2046875 0.425 0.21875 0.4234375