3 0.45625 0.221875 0.02265625 0.12890625
0 0.9984375 0.3859375 0.9984375 0.434375 0.965625 0.434375 0.9609375 0.43125 0.9578125 0.4234375 0.9578125 0.39375 0.9609375 0.3875 0.96875 0.384375 0.9953125 0.384375 0.996875 0.3859375
0 0.88125 0.41875 0.89375 0.428125 0.896875 0.4390625 0.89375 0.4609375 0.884375 0.4671875 0.8421875 0.4609375 0.834375 0.453125 0.834375 0.425 0.8375 0.4203125 0.84375 0.4171875 0.8671875 0.4171875 0.86875 0.41875 0.878125 0.4171875 0.8796875 0.41875
0 0.6234375 0.55625 0.634375 0.5640625 0.6375 0.578125 0.63125 0.6046875 0.6265625 0.6484375 0.621875 0.6609375 0.61875 0.6625 0.609375 0.6609375 0.603125 0.65 0.6046875 0.63125 0.6125 0.5984375 0.615625 0.56875 0.61875 0.559375 0.621875 0.5578125
0 0.9484375 0.8234375 0.9453125 0.8125 0.9453125 0.790625 0.94375 0.7890625 0.9453125 0.78125 0.9421875 0.7546875 0.94375 0.7390625 0.9421875 0.709375 0.946875 0.7 0.9609375 0.7 0.9671875 0.7078125 0.9703125 0.7203125 0.971875 0.775 0.9734375 0.7765625 0.971875 0.821875 0.9640625 0.828125 0.95625 0.828125 0.95 0.8234375
0 0.778125 0.5015625 0.78125 0.503125 0.7859375 0.515625 0.7859375 0.534375 0.7828125 0.54375 0.7734375 0.5484375 0.746875 0.5484375 0.7296875 0.54375 0.7265625 0.540625 0.7265625 0.5078125 0.7296875 0.503125 0.7390625 0.5 0.775 0.5 0.7765625 0.5015625
0 0.91875 0.7078125 0.928125 0.7140625 0.9296875 0.7203125 0.9296875 0.7625 0.93125 0.7640625 0.93125 0.8171875 0.9296875 0.8234375 0.921875 0.8296875 0.9125 0.8296875 0.90625 0.8234375 0.903125 0.8125 0.903125 0.7859375 0.9015625 0.784375 0.903125 0.7140625 0.909375 0.7078125 0.9171875 0.7078125
0 0.8796875 0.0703125 0.8859375 0.0828125 0.8890625 0.1734375 0.8828125 0.1828125 0.8734375 0.1859375 0.8671875 0.1828125 0.8640625 0.1671875 0.8609375 0.08125 0.865625 0.0734375 0.878125 0.0703125
0 0.9984375 0.4953125 0.9984375 0.5140625 0.996875 0.515625 0.9984375 0.5390625 0.978125 0.5421875 0.95625 0.540625 0.9515625 0.5359375 0.95 0.5296875 0.9515625 0.5015625 0.959375 0.496875 0.990625 0.49375 0.996875 0.4953125
0 0.8015625 0.77578125 0.02890625 0.0984375
0 0.5546875 0.6109375 0.02421875 0.11640625
0 0.29375 0.509375 0.296875 0.5125 0.2984375 0.5359375 0.296875 0.5421875 0.2890625 0.5484375 0.25 0.5484375 0.25 0.51875 0.253125 0.515625 0.2734375 0.5125 0.2796875 0.5078125 0.2921875 0.509375
0 0.90234375 0.51875 0.0640625 0.0515625
0 0.990625 0.7125 0.9984375 0.7125 0.9984375 0.8296875 0.9890625 0.8203125 0.9890625 0.803125 0.9875 0.8015625 0.9890625 0.7828125 0.9875 0.78125 0.9859375 0.725 0.990625 0.7140625
0 0.203125 0.425 0.2171875 0.4234375 0.2265625 0.425 0.228125 0.4484375 0.240625 0.453125 0.2421875 0.45625 0.2421875 0.459375 0.2359375 0.4640625 0.2078125 0.4609375 0.1984375 0.465625 0.1859375 0.465625 0.184375 0.4625 0.190625 0.45625 0.1953125 0.4390625 0.203125 0.4265625
0 0.8859375 0.7171875 0.890625 0.721875 0.89375 0.7359375 0.896875 0.78125 0.8953125 0.7828125 0.89375 0.8203125 0.884375 0.828125 0.8734375 0.825 0.86875 0.8140625 0.8671875 0.75 0.865625 0.7484375 0.865625 0.7265625 0.8703125 0.7203125 0.8765625 0.7171875 0.884375 0.7171875
0 0.84375 0.7109375 0.8484375 0.715625 0.8515625 0.7328125 0.853125 0.8078125 0.85 0.8109375 0.8359375 0.8125 0.8328125 0.815625 0.828125 0.80625 0.8296875 0.7890625 0.8234375 0.73125 0.828125 0.715625 0.834375 0.7109375 0.8421875 0.7109375
0 0.784375 0.328125 0.7859375 0.33125 0.7828125 0.3375 0.78125 0.3546875 0.7828125 0.3609375 0.7890625 0.365625 0.790625 0.3703125 0.7890625 0.3734375 0.778125 0.375 0.74375 0.3734375 0.740625 0.3609375 0.740625 0.34375 0.7421875 0.3359375 0.75 0.33125 0.7828125 0.328125
0 0.85 0.5 0.8515625 0.503125 0.8515625 0.5375 0.8484375 0.540625 0.840625 0.5421875 0.809375 0.5421875 0.8078125 0.54375 0.796875 0.5421875 0.7921875 0.5375 0.790625 0.5078125 0.79375 0.5015625 0.796875 0.5 0.83125 0.5 0.8328125 0.4984375 0.8484375 0.5