0 0.5921875 0.9484375 0.6 0.9515625 0.603125 0.9609375 0.603125 0.9984375 0.5796875 0.9984375 0.578125 0.9953125 0.58125 0.953125 0.5828125 0.95 0.590625 0.9484375
0 0.865625 0.0765625 0.86875 0.075 0.884375 0.0765625 0.8875 0.090625 0.8875 0.1203125 0.8890625 0.121875 0.8890625 0.18125 0.8859375 0.1859375 0.8765625 0.1890625 0.871875 0.1890625 0.8671875 0.1859375 0.8640625 0.165625 0.865625 0.1609375 0.8625 0.1296875 0.8625 0.0828125 0.865625 0.078125
0 0.8421875 0.7140625 0.8484375 0.71875 0.8515625 0.7328125 0.8546875 0.809375 0.85 0.815625 0.8390625 0.8171875 0.8359375 0.8234375 0.83125 0.8234375 0.8296875 0.76875 0.825 0.7375 0.83125 0.7171875 0.8359375 0.7140625 0.840625 0.7140625
0 0.95859375 0.76796875 0.0328125 0.13046875
0 0.9234375 0.7125 0.9296875 0.7203125 0.93125 0.8234375 0.9265625 0.83125 0.921875 0.834375 0.9109375 0.8328125 0.9046875 0.8234375 0.903125 0.78125 0.9015625 0.7796875 0.9046875 0.715625 0.9078125 0.7125 0.921875 0.7125
0 0.803125 0.7296875 0.8109375 0.7375 0.8140625 0.75625 0.8140625 0.821875 0.80625 0.828125 0.7984375 0.8265625 0.79375 0.8203125 0.790625 0.8046875 0.7890625 0.7375 0.7953125 0.73125 0.8015625 0.73125
0 0.45625 0.51015625 0.02578125 0.1125
0 0.546875 0.50625 0.5453125 0.4640625 0.54375 0.4625 0.54375 0.4046875 0.5453125 0.4 0.553125 0.3953125 0.5625 0.396875 0.565625 0.4 0.5671875 0.409375 0.5671875 0.490625 0.5640625 0.50625 0.5609375 0.5078125 0.5484375 0.50625
0 0.875 0.546875 0.8703125 0.5296875 0.8734375 0.5046875 0.878125 0.5 0.909375 0.5 0.9109375 0.4984375 0.925 0.4984375 0.9296875 0.5 0.93125 0.503125 0.934375 0.515625 0.93125 0.5421875 0.928125 0.5453125 0.915625 0.5484375 0.878125 0.5484375 0.8765625 0.546875
0 0.99375 0.775 0.01328125 0.11640625
0 0.29375 0.5125 0.2984375 0.521875 0.296875 0.5484375 0.259375 0.55 0.2578125 0.5515625 0.25 0.55 0.2515625 0.521875 0.2578125 0.51875 0.271875 0.5171875 0.278125 0.5125 0.2921875 0.5125
0 0.5953125 0.1125 0.6078125 0.109375 0.6125 0.1125 0.615625 0.121875 0.615625 0.15 0.6125 0.15625 0.615625 0.1625 0.6140625 0.175 0.615625 0.215625 0.6140625 0.2203125 0.609375 0.2234375 0.596875 0.2234375 0.59375 0.21875 0.59375 0.2 0.5921875 0.1984375 0.59375 0.1921875 0.5921875 0.1625 0.5953125 0.1578125 0.5921875 0.1515625 0.5921875 0.128125 0.5953125 0.1140625
0 0.996875 0.4984375 0.9984375 0.5 0.9984375 0.546875 0.95625 0.5453125 0.9515625 0.5390625 0.95 0.525 0.9515625 0.509375 0.95625 0.5015625 0.9953125 0.4984375
0 0.8859375 0.721875 0.890625 0.725 0.89375 0.7359375 0.8953125 0.76875 0.896875 0.7703125 0.8953125 0.8171875 0.8875 0.8328125 0.8765625 0.8328125 0.86875 0.8171875 0.86875 0.778125 0.8671875 0.7765625 0.8671875 0.74375 0.865625 0.7421875 0.865625 0.734375 0.86875 0.7265625 0.8765625 0.721875 0.884375 0.721875
0 0.7796875 0.50625 0.7859375 0.515625 0.7859375 0.5421875 0.7828125 0.5484375 0.7703125 0.5515625 0.7546875 0.55 0.75 0.5515625 0.73125 0.5484375 0.7265625 0.5390625 0.7265625 0.515625 0.73125 0.5078125 0.740625 0.5046875 0.7765625 0.5046875 0.778125 0.50625
0 0.7765625 0.3328125 0.784375 0.334375 0.7828125 0.3640625 0.7890625 0.3765625 0.7671875 0.3796875 0.753125 0.3796875 0.74375 0.375 0.7421875 0.3453125 0.74375 0.3390625 0.7515625 0.334375 0.775 0.3328125
0 0.84375 0.5015625 0.8515625 0.50625 0.853125 0.5359375 0.8484375 0.5453125 0.840625 0.546875 0.796875 0.546875 0.79375 0.5453125 0.790625 0.5296875 0.790625 0.5125 0.7921875 0.5078125 0.8 0.503125 0.8421875 0.5015625