0 0.9359375 0.3859375 0.940625 0.3875 0.94375 0.39375 0.9453125 0.4234375 0.9390625 0.4359375 0.9234375 0.4375 0.88125 0.4359375 0.878125 0.425 0.878125 0.4 0.8796875 0.39375 0.8890625 0.3875 0.934375 0.3859375
0 0.8265625 0.4125 0.8328125 0.4234375 0.8328125 0.44375 0.8296875 0.4515625 0.825 0.45625 0.8171875 0.459375 0.796875 0.459375 0.7953125 0.4609375 0.7796875 0.4609375 0.7734375 0.45625 0.771875 0.4484375 0.7734375 0.4234375 0.778125 0.41875 0.790625 0.4140625 0.8125 0.4109375 0.825 0.4125
0 0.20625 0.425 0.2109375 0.4375 0.209375 0.4609375 0.203125 0.465625 0.1890625 0.4671875 0.1734375 0.465625 0.175 0.4625 0.1828125 0.4625 0.1890625 0.4578125 0.19375 0.4484375 0.1953125 0.4390625 0.2046875 0.4265625
0 0.559375 0.7078125 0.565625 0.715625 0.56875 0.7421875 0.5671875 0.7515625 0.5671875 0.846875 0.5625 0.853125 0.553125 0.853125 0.546875 0.85 0.546875 0.8140625 0.5453125 0.8125 0.54375 0.7640625 0.5421875 0.7625 0.54375 0.7203125 0.55 0.709375 0.5578125 0.7078125
0 0.95 0.8234375 0.94375 0.76875 0.94375 0.7078125 0.9484375 0.7 0.9625 0.7 0.9671875 0.7046875 0.9703125 0.7125 0.9734375 0.740625 0.9734375 0.7765625 0.975 0.778125 0.9734375 0.821875 0.9671875 0.828125 0.95625 0.828125 0.9515625 0.8234375
0 0.778125 0.5 0.784375 0.5046875 0.7875 0.515625 0.7859375 0.540625 0.7828125 0.5453125 0.778125 0.546875 0.7390625 0.546875 0.73125 0.54375 0.728125 0.5390625 0.728125 0.509375 0.73125 0.503125 0.740625 0.5 0.7765625 0.5
0 0.9203125 0.7078125 0.9265625 0.7109375 0.9296875 0.715625 0.93125 0.79375 0.9328125 0.7953125 0.9328125 0.81875 0.93125 0.8234375 0.9234375 0.8296875 0.9140625 0.8296875 0.90625 0.821875 0.9046875 0.7859375 0.903125 0.784375 0.9046875 0.7125 0.9109375 0.7078125 0.91875 0.7078125
0 0.8796875 0.06875 0.8859375 0.0765625 0.8890625 0.1 0.8890625 0.1421875 0.890625 0.14375 0.8890625 0.178125 0.88125 0.184375 0.8703125 0.184375 0.865625 0.171875 0.8625 0.08125 0.86875 0.071875 0.878125 0.0703125
0 0.803125 0.77578125 0.028125 0.0984375
0 0.27421875 0.528125 0.0515625 0.04140625
0 0.9265625 0.49375 0.9296875 0.4953125 0.934375 0.5046875 0.934375 0.5296875 0.9328125 0.5359375 0.928125 0.540625 0.915625 0.54375 0.8796875 0.54375 0.8765625 0.5421875 0.871875 0.5328125 0.871875 0.50625 0.878125 0.496875 0.884375 0.4953125 0.925 0.49375
0 0.84375 0.4984375 0.8515625 0.5 0.853125 0.503125 0.853125 0.5359375 0.8515625 0.5390625 0.84375 0.5421875 0.81875 0.5421875 0.8171875 0.54375 0.7984375 0.5421875 0.7953125 0.5390625 0.7921875 0.53125 0.79375 0.5046875 0.7984375 0.5 0.8421875 0.4984375
0 0.9921875 0.7125 0.9984375 0.7125 0.9984375 0.8296875 0.990625 0.8234375 0.9890625 0.7765625 0.9875 0.775 0.9875 0.725 0.9921875 0.7140625
0 0.4734375 0.3109375 0.478125 0.315625 0.48125 0.3375 0.4796875 0.4234375 0.4609375 0.4234375 0.459375 0.3203125 0.4640625 0.3125 0.471875 0.3109375
0 0.9984375 0.49375 0.9984375 0.540625 0.996875 0.5421875 0.959375 0.540625 0.953125 0.5359375 0.9515625 0.5296875 0.9515625 0.5109375 0.9546875 0.5 0.9609375 0.496875 0.996875 0.49375
0 0.890625 0.71875 0.8953125 0.734375 0.896875 0.76875 0.8984375 0.7703125 0.896875 0.8140625 0.89375 0.8234375 0.8859375 0.828125 0.8734375 0.8234375 0.86875 0.8109375 0.8671875 0.7265625 0.875 0.71875 0.8796875 0.7171875 0.8890625 0.71875
0 0.840625 0.77734375 0.0328125 0.134375
0 0.7859375 0.3265625 0.7875 0.33125 0.784375 0.3359375 0.7828125 0.3578125 0.7890625 0.365625 0.7875 0.3734375 0.746875 0.3734375 0.74375 0.3703125 0.7421875 0.3625 0.7421875 0.3421875 0.746875 0.3328125 0.784375 0.3265625
0 0.45625 0.9984375 0.453125 0.9328125 0.4546875 0.921875 0.4578125 0.915625 0.4625 0.9125 0.4703125 0.9125 0.4765625 0.9234375 0.4765625 0.9953125 0.475 0.9984375 0.4578125 0.9984375