0 0.6453125 0.4890625 0.6546875 0.503125 0.6546875 0.521875 0.6515625 0.5359375 0.6484375 0.540625 0.6484375 0.55 0.64375 0.5625 0.6359375 0.5984375 0.6328125 0.60625 0.628125 0.6109375 0.6203125 0.6078125 0.6109375 0.596875 0.609375 0.5921875 0.6109375 0.5734375 0.63125 0.4921875 0.634375 0.4875 0.64375 0.4890625
0 0.959375 0.7 0.96875 0.70625 0.9734375 0.71875 0.9765625 0.8171875 0.975 0.8234375 0.96875 0.8296875 0.9578125 0.8296875 0.9515625 0.8234375 0.9484375 0.8109375 0.9484375 0.7921875 0.9453125 0.771875 0.9453125 0.709375 0.95 0.7015625 0.9578125 0.7
0 0.778125 0.5 0.784375 0.503125 0.7875 0.5109375 0.7890625 0.534375 0.7859375 0.54375 0.7828125 0.546875 0.775 0.5484375 0.7453125 0.5484375 0.73125 0.54375 0.728125 0.521875 0.7296875 0.5078125 0.7375 0.5015625 0.7765625 0.5
0 0.88125 0.06875 0.8875 0.075 0.8890625 0.084375 0.890625 0.1359375 0.8921875 0.1375 0.8921875 0.1734375 0.890625 0.178125 0.88125 0.184375 0.871875 0.184375 0.86875 0.1765625 0.865625 0.1453125 0.865625 0.0953125 0.8640625 0.09375 0.865625 0.075 0.8796875 0.06875
0 0.925 0.7109375 0.9296875 0.7140625 0.9328125 0.725 0.93125 0.7359375 0.934375 0.7578125 0.9328125 0.7734375 0.934375 0.81875 0.93125 0.8265625 0.9234375 0.83125 0.915625 0.83125 0.909375 0.8265625 0.90625 0.81875 0.90625 0.7953125 0.9046875 0.79375 0.90625 0.7140625 0.9109375 0.709375 0.9234375 0.7109375
0 0.9984375 0.7140625 0.9984375 0.8296875 0.99375 0.828125 0.990625 0.80625 0.990625 0.7234375 0.9921875 0.7171875 0.996875 0.7140625
0 0.8078125 0.728125 0.8140625 0.740625 0.815625 0.7734375 0.8171875 0.775 0.815625 0.81875 0.8140625 0.8234375 0.8078125 0.825 0.796875 0.8234375 0.7953125 0.81875 0.7953125 0.8109375 0.790625 0.79375 0.790625 0.7484375 0.7890625 0.746875 0.7890625 0.7390625 0.7921875 0.7328125 0.8 0.7265625 0.80625 0.728125
0 0.446875 0.8609375 0.446875 0.7625 0.4484375 0.75625 0.453125 0.753125 0.4640625 0.753125 0.46875 0.7625 0.46875 0.8171875 0.4671875 0.81875 0.46875 0.8484375 0.4671875 0.8578125 0.4625 0.8640625 0.453125 0.8640625 0.4484375 0.8609375
0 0.925 0.49375 0.9296875 0.4953125 0.9359375 0.5046875 0.9359375 0.5328125 0.9328125 0.5390625 0.9234375 0.54375 0.8828125 0.5453125 0.8765625 0.5421875 0.8734375 0.534375 0.8734375 0.50625 0.8765625 0.5 0.8921875 0.4953125 0.9234375 0.4953125
0 0.4265625 0.1 0.4296875 0.103125 0.4328125 0.1234375 0.4328125 0.1453125 0.43125 0.146875 0.4328125 0.1921875 0.4296875 0.196875 0.415625 0.196875 0.4125 0.1921875 0.4109375 0.11875 0.4140625 0.103125 0.4171875 0.1 0.425 0.1
0 0.2953125 0.509375 0.2984375 0.5140625 0.2984375 0.540625 0.296875 0.5453125 0.290625 0.5484375 0.2515625 0.5484375 0.25 0.546875 0.25 0.521875 0.2515625 0.5171875 0.2578125 0.5140625 0.275 0.5125 0.284375 0.5078125 0.29375 0.509375
0 0.9765625 0.51875 0.046875 0.0484375
0 0.884375 0.7734375 0.03203125 0.1109375
0 0.83125 0.8109375 0.8265625 0.728125 0.834375 0.7125 0.8484375 0.7125 0.853125 0.725 0.8546875 0.765625 0.85625 0.7671875 0.85625 0.809375 0.8546875 0.8125 0.8390625 0.8109375 0.834375 0.815625 0.8328125 0.8109375
0 0.7671875 0.35234375 0.0484375 0.0484375
0 0.82421875 0.52109375 0.0625 0.046875
0 0.4765625 0.3046875 0.4796875 0.3109375 0.4796875 0.3296875 0.48125 0.33125 0.48125 0.371875 0.4796875 0.3734375 0.4796875 0.4078125 0.478125 0.4109375 0.4734375 0.4125 0.4640625 0.4125 0.459375 0.4109375 0.4578125 0.4078125 0.45625 0.3265625 0.459375 0.3078125 0.465625 0.303125 0.475 0.3046875