0 0.990625 0.4265625 0.9984375 0.4359375 0.9984375 0.4640625 0.9953125 0.4703125 0.990625 0.4734375 0.9484375 0.4703125 0.940625 0.465625 0.9375 0.45625 0.9390625 0.43125 0.9421875 0.428125 0.9484375 0.425 0.9875 0.425 0.9890625 0.4265625
0 0.434375 0.615625 0.4390625 0.6234375 0.440625 0.6328125 0.4390625 0.6390625 0.440625 0.6984375 0.4390625 0.7 0.4390625 0.728125 0.4359375 0.7359375 0.425 0.73125 0.4328125 0.715625 0.4359375 0.678125 0.428125 0.665625 0.4171875 0.6578125 0.41875 0.6234375 0.421875 0.6171875 0.4328125 0.615625
0 0.115625 0.43515625 0.06015625 0.0484375
0 0.8625 0.075 0.871875 0.0703125 0.8796875 0.0703125 0.884375 0.075 0.8875 0.103125 0.8875 0.1265625 0.8890625 0.128125 0.8890625 0.1734375 0.88125 0.1828125 0.8703125 0.184375 0.8671875 0.18125 0.8640625 0.1671875 0.8640625 0.1421875 0.8625 0.140625 0.8625 0.090625 0.8609375 0.0890625 0.8625 0.0765625
0 0.8671875 0.775 0.86875 0.7640625 0.8671875 0.7625 0.865625 0.728125 0.871875 0.71875 0.88125 0.715625 0.8875 0.7171875 0.8921875 0.7265625 0.896875 0.7625 0.89375 0.8203125 0.8921875 0.8234375 0.8859375 0.8265625 0.8796875 0.8265625 0.871875 0.8203125 0.86875 0.8125 0.86875 0.7765625
0 0.9625 0.7 0.9703125 0.715625 0.971875 0.7734375 0.9734375 0.775 0.9734375 0.8171875 0.971875 0.821875 0.9625 0.828125 0.9515625 0.825 0.946875 0.81875 0.9421875 0.771875 0.9421875 0.7484375 0.94375 0.746875 0.9421875 0.7078125 0.946875 0.7 0.9609375 0.7
0 0.9515625 0.5359375 0.95 0.5265625 0.9515625 0.5015625 0.959375 0.496875 0.9796875 0.49375 0.996875 0.49375 0.9984375 0.4953125 0.996875 0.5 0.9984375 0.5390625 0.996875 0.540625 0.9625 0.540625 0.953125 0.5359375
0 0.803125 0.725 0.8078125 0.728125 0.8109375 0.734375 0.8140625 0.75625 0.8140625 0.8109375 0.8125 0.81875 0.8078125 0.8234375 0.8 0.8234375 0.7953125 0.821875 0.79375 0.81875 0.7890625 0.78125 0.7875 0.7359375 0.79375 0.725 0.8015625 0.725
0 0.8421875 0.7109375 0.846875 0.7125 0.8515625 0.728125 0.8546875 0.803125 0.8515625 0.8109375 0.8375 0.8125 0.834375 0.81875 0.8296875 0.809375 0.825 0.728125 0.828125 0.715625 0.83125 0.7125 0.840625 0.7109375
0 0.29375 0.509375 0.296875 0.5140625 0.296875 0.540625 0.2890625 0.5484375 0.2515625 0.5484375 0.25 0.546875 0.25 0.521875 0.2515625 0.5171875 0.2578125 0.5140625 0.26875 0.5140625 0.2828125 0.5078125 0.2921875 0.509375
0 0.928125 0.49375 0.9328125 0.5015625 0.9328125 0.5328125 0.93125 0.5359375 0.925 0.540625 0.8953125 0.54375 0.8828125 0.54375 0.8734375 0.5390625 0.8703125 0.5296875 0.871875 0.5015625 0.88125 0.4953125 0.91875 0.49375 0.9203125 0.4921875 0.9265625 0.49375
0 0.203125 0.4265625 0.21875 0.4234375 0.225 0.425 0.228125 0.4296875 0.228125 0.4484375 0.240625 0.453125 0.2421875 0.45625 0.240625 0.4609375 0.234375 0.4640625 0.209375 0.4609375 0.196875 0.465625 0.1890625 0.465625 0.1859375 0.4625 0.1921875 0.4546875 0.1953125 0.440625 0.203125 0.428125
0 0.9984375 0.7125 0.9984375 0.8296875 0.990625 0.8234375 0.9890625 0.7796875 0.9875 0.778125 0.9875 0.725 0.990625 0.7140625 0.996875 0.7125
0 0.921875 0.7078125 0.928125 0.7125 0.9296875 0.7171875 0.9296875 0.7546875 0.93125 0.75625 0.9296875 0.7734375 0.9328125 0.8 0.9296875 0.8234375 0.9203125 0.8296875 0.9140625 0.8296875 0.90625 0.8234375 0.903125 0.8 0.903125 0.71875 0.90625 0.709375 0.9203125 0.7078125
0 0.75625 0.52421875 0.06171875 0.0484375
0 0.7859375 0.328125 0.7859375 0.334375 0.7828125 0.3375 0.7828125 0.359375 0.790625 0.36875 0.7875 0.3734375 0.7453125 0.3734375 0.740625 0.3609375 0.740625 0.340625 0.746875 0.33125 0.778125 0.3265625 0.784375 0.328125
0 0.8484375 0.4 0.85 0.4015625 0.884375 0.4 0.8875 0.4078125 0.8875 0.4359375 0.88125 0.4421875 0.85625 0.440625 0.846875 0.44375 0.840625 0.44375 0.834375 0.4390625 0.83125 0.4234375 0.834375 0.4046875 0.8375 0.4015625 0.846875 0.4
0 0.85 0.5 0.8515625 0.5015625 0.8515625 0.5359375 0.8453125 0.540625 0.8203125 0.540625 0.81875 0.5421875 0.8015625 0.5421875 0.79375 0.5390625 0.790625 0.5296875 0.790625 0.509375 0.79375 0.5015625 0.8078125 0.4984375 0.8328125 0.4984375 0.834375 0.496875 0.8421875 0.496875 0.8484375 0.5