3 0.55625 0.153125 0.5609375 0.15625 0.5625 0.1609375 0.5625 0.265625 0.559375 0.26875 0.54375 0.26875 0.540625 0.2546875 0.540625 0.2203125 0.5421875 0.21875 0.540625 0.1671875 0.54375 0.1578125 0.55 0.153125 0.5546875 0.153125
0 0.6046875 0.6125 0.609375 0.621875 0.609375 0.7234375 0.6078125 0.7296875 0.6015625 0.7328125 0.590625 0.7296875 0.5875 0.7203125 0.590625 0.6984375 0.590625 0.6640625 0.5875 0.65625 0.5859375 0.6234375 0.5875 0.6171875 0.5921875 0.6125 0.603125 0.6125
0 0.95625 0.703125 0.965625 0.709375 0.9703125 0.725 0.9734375 0.8171875 0.9703125 0.828125 0.9640625 0.8328125 0.9546875 0.8328125 0.9484375 0.8265625 0.94375 0.79375 0.9421875 0.7125 0.946875 0.7046875 0.9546875 0.703125
0 0.778125 0.50625 0.7828125 0.509375 0.7859375 0.5171875 0.7859375 0.540625 0.7828125 0.5484375 0.771875 0.5515625 0.746875 0.5515625 0.7296875 0.5484375 0.7265625 0.54375 0.7265625 0.5125 0.734375 0.50625 0.7484375 0.5046875 0.775 0.5046875 0.7765625 0.50625
0 0.88125 0.075 0.884375 0.078125 0.8875 0.0984375 0.8890625 0.1796875 0.8859375 0.1859375 0.878125 0.1890625 0.8703125 0.1890625 0.865625 0.18125 0.8640625 0.1484375 0.8625 0.146875 0.8625 0.0828125 0.86875 0.075 0.8796875 0.075
0 0.921875 0.7125 0.9265625 0.7171875 0.9296875 0.725 0.93125 0.8203125 0.9265625 0.8296875 0.91875 0.834375 0.9109375 0.8328125 0.9046875 0.8234375 0.903125 0.790625 0.9015625 0.7890625 0.9015625 0.753125 0.903125 0.7515625 0.903125 0.7171875 0.90625 0.7125 0.9203125 0.7125
0 0.990625 0.71875 0.9984375 0.7171875 0.9984375 0.834375 0.9921875 0.8328125 0.9890625 0.8265625 0.9859375 0.734375 0.9875 0.725 0.990625 0.7203125
0 0.8 0.7296875 0.809375 0.7359375 0.8140625 0.7625 0.8125 0.8234375 0.8078125 0.8265625 0.7953125 0.825 0.7890625 0.803125 0.790625 0.7953125 0.7890625 0.79375 0.7875 0.7375 0.79375 0.73125 0.7984375 0.73125
0 0.8453125 0.715625 0.8484375 0.7203125 0.8515625 0.734375 0.853125 0.778125 0.8546875 0.7796875 0.853125 0.78125 0.8546875 0.7859375 0.853125 0.815625 0.8515625 0.8234375 0.846875 0.825 0.8375 0.821875 0.83125 0.825 0.8265625 0.803125 0.828125 0.7671875 0.825 0.753125 0.8265625 0.7265625 0.8296875 0.7203125 0.8359375 0.715625 0.84375 0.715625
0 0.9234375 0.4984375 0.9296875 0.5 0.9328125 0.509375 0.9328125 0.5359375 0.928125 0.5453125 0.915625 0.5484375 0.8765625 0.5484375 0.8703125 0.5359375 0.8703125 0.5125 0.8734375 0.503125 0.8796875 0.5 0.921875 0.4984375
0 0.29375 0.5125 0.2984375 0.521875 0.296875 0.5484375 0.25625 0.55 0.2546875 0.5515625 0.2515625 0.55 0.2515625 0.5234375 0.2578125 0.51875 0.271875 0.5171875 0.278125 0.5125 0.2921875 0.5125
0 0.9953125 0.4984375 0.9984375 0.5 0.9984375 0.5171875 0.996875 0.51875 0.9984375 0.5453125 0.996875 0.546875 0.9609375 0.546875 0.953125 0.54375 0.95 0.5359375 0.95 0.5125 0.9515625 0.50625 0.95625 0.5015625 0.99375 0.4984375
0 0.8859375 0.721875 0.890625 0.725 0.8921875 0.7296875 0.8953125 0.7609375 0.8953125 0.8140625 0.89375 0.8234375 0.8859375 0.8328125 0.878125 0.83125 0.86875 0.81875 0.8671875 0.75625 0.865625 0.7546875 0.865625 0.73125 0.86875 0.725 0.8765625 0.721875 0.884375 0.721875
0 0.7828125 0.334375 0.784375 0.3359375 0.78125 0.359375 0.7890625 0.3765625 0.7671875 0.3796875 0.75 0.3796875 0.74375 0.3765625 0.7421875 0.3734375 0.7421875 0.3421875 0.74375 0.3375 0.7515625 0.334375 0.78125 0.334375
0 0.840625 0.5015625 0.8484375 0.503125 0.8515625 0.5078125 0.8515625 0.5421875 0.84375 0.546875 0.8125 0.546875 0.8109375 0.5484375 0.796875 0.546875 0.7921875 0.54375 0.790625 0.5359375 0.7921875 0.5078125 0.8015625 0.503125 0.8390625 0.5015625