3 0.3375 0.6296875 0.3515625 0.6375 0.35625 0.6375 0.3609375 0.6421875 0.3671875 0.6578125 0.36875 0.6734375 0.3734375 0.6859375 0.3953125 0.6984375 0.403125 0.7 0.4265625 0.7125 0.4375 0.715625 0.44375 0.7375 0.440625 0.7984375 0.425 0.8125 0.41875 0.8234375 0.4125 0.8265625 0.40625 0.8265625 0.4046875 0.8296875 0.38125 0.8296875 0.375 0.8265625 0.3625 0.8265625 0.353125 0.8390625 0.35 0.8484375 0.346875 0.85 0.340625 0.85 0.3328125 0.8453125 0.328125 0.834375 0.3265625 0.821875 0.3234375 0.8171875 0.315625 0.8203125 0.2953125 0.80625 0.28125 0.7984375 0.2703125 0.7953125 0.2625 0.7890625 0.2515625 0.7875 0.24375 0.790625 0.2375 0.7875 0.2328125 0.7828125 0.2265625 0.76875 0.2265625 0.75625 0.221875 0.7359375 0.225 0.7046875 0.23125 0.6890625 0.2375 0.68125 0.265625 0.6671875 0.29375 0.6390625 0.3015625 0.6375 0.3203125 0.628125 0.3359375 0.6296875
3 0.996875 0.8734375 0.9984375 0.875 0.9984375 0.9984375 0.9015625 0.9984375 0.90625 0.9859375 0.903125 0.9390625 0.9078125 0.9265625 0.915625 0.9171875 0.91875 0.9046875 0.91875 0.89375 0.9265625 0.875 0.934375 0.8734375 0.9390625 0.8765625 0.9484375 0.8765625 0.95 0.875 0.9953125 0.8734375
3 0.303125 0.384375 0.315625 0.4015625 0.31875 0.4125 0.3203125 0.5546875 0.315625 0.5640625 0.3125 0.5859375 0.3078125 0.5875 0.3046875 0.58125 0.29375 0.5734375 0.2640625 0.5734375 0.2578125 0.5796875 0.2515625 0.5921875 0.2484375 0.5921875 0.2453125 0.584375 0.2421875 0.5546875 0.234375 0.5484375 0.23125 0.5375 0.228125 0.4609375 0.2359375 0.4546875 0.2375 0.390625 0.25 0.3875 0.275 0.3875 0.3015625 0.384375
3 0.14375 0.0390625 0.18125 0.0375 0.1859375 0.059375 0.1859375 0.0734375 0.1921875 0.084375 0.1875 0.0984375 0.190625 0.1875 0.184375 0.240625 0.18125 0.24375 0.171875 0.24375 0.16875 0.240625 0.1671875 0.2265625 0.1640625 0.2234375 0.1609375 0.2265625 0.1609375 0.23125 0.1578125 0.2265625 0.15 0.228125 0.1453125 0.234375 0.1453125 0.240625 0.1421875 0.2453125 0.1296875 0.246875 0.128125 0.2109375 0.125 0.19375 0.1296875 0.15625 0.1375 0.128125 0.1359375 0.0828125 0.140625 0.071875 0.1390625 0.06875 0.140625 0.0484375 0.14375 0.040625
3 0.521875 0.0765625 0.53125 0.075 0.54375 0.0875 0.5453125 0.0859375 0.546875 0.0875 0.546875 0.0984375 0.5546875 0.125 0.553125 0.1609375 0.5359375 0.1578125 0.5265625 0.159375 0.5171875 0.1484375 0.515625 0.1453125 0.515625 0.1046875 0.51875 0.08125 0.521875 0.078125
1 0.775 0.4390625 0.7703125 0.4546875 0.771875 0.4703125 0.76875 0.4796875 0.7671875 0.5109375 0.765625 0.5171875 0.7625 0.51875 0.7578125 0.5109375 0.7484375 0.503125 0.7484375 0.4921875 0.7515625 0.4859375 0.753125 0.471875 0.753125 0.4578125 0.75625 0.45 0.7640625 0.4484375 0.7734375 0.4390625
1 0.659375 0.28046875 0.015625 0.05546875
1 0.6890625 0.315625 0.6921875 0.3203125 0.6953125 0.3171875 0.7 0.31875 0.6984375 0.3640625 0.6953125 0.3640625 0.69375 0.3609375 0.6875 0.3578125 0.684375 0.3515625 0.684375 0.3359375 0.6875 0.3171875
1 0.9875 0.5171875 0.9953125 0.515625 0.9953125 0.559375 0.9984375 0.5671875 0.9984375 0.5890625 0.9953125 0.59375 0.996875 0.6015625 0.9953125 0.6140625 0.990625 0.6171875 0.98125 0.6078125 0.9765625 0.53125 0.984375 0.5265625 0.9875 0.51875
1 0.66875 0.36875 0.675 0.375 0.6734375 0.4359375 0.671875 0.4375 0.6671875 0.4359375 0.65625 0.4203125 0.6578125 0.375 0.6671875 0.3703125
1 0.8265625 0.3546875 0.83125 0.3609375 0.83125 0.396875 0.8203125 0.4015625 0.8140625 0.409375 0.8109375 0.4078125 0.8109375 0.384375 0.8171875 0.3765625 0.8171875 0.3640625 0.8203125 0.3578125 0.825 0.3546875
0 0.4640625 0.040625 0.02734375 0.04296875
0 0.484375 0.1 0.49375 0.125 0.49375 0.140625 0.4953125 0.1421875 0.49375 0.1609375 0.475 0.1578125 0.4640625 0.159375 0.459375 0.1484375 0.4609375 0.1125 0.4671875 0.1015625 0.4765625 0.0984375 0.4828125 0.1
0 0.8609375 0.3953125 0.865625 0.4 0.8671875 0.4078125 0.8796875 0.4328125 0.8859375 0.440625 0.890625 0.4421875 0.8921875 0.4484375 0.890625 0.4609375 0.8984375 0.4828125 0.9 0.5109375 0.896875 0.5234375 0.890625 0.5265625 0.8453125 0.521875 0.8328125 0.5234375 0.8296875 0.5171875 0.828125 0.5015625 0.8140625 0.490625 0.80625 0.4890625 0.8015625 0.484375 0.8015625 0.4375 0.80625 0.4140625 0.8140625 0.4109375 0.8203125 0.403125 0.83125 0.4 0.834375 0.3953125 0.8390625 0.39375 0.859375 0.3953125
0 0.678125 0.4671875 0.6921875 0.475 0.7 0.490625 0.7078125 0.515625 0.7171875 0.5203125 0.7171875 0.5296875 0.7140625 0.5328125 0.7140625 0.5375 0.721875 0.5625 0.721875 0.60625 0.71875 0.6203125 0.715625 0.6234375 0.7078125 0.6171875 0.6984375 0.615625 0.659375 0.6140625 0.6546875 0.6171875 0.6484375 0.60625 0.646875 0.5875 0.634375 0.5734375 0.63125 0.5734375 0.6265625 0.56875 0.6234375 0.559375 0.625 0.515625 0.63125 0.478125 0.6421875 0.4703125 0.6546875 0.465625 0.6765625 0.4671875
0 0.3796875 0 0.4 0 0.4015625 0.0078125 0.4 0.0203125 0.3828125 0.0203125 0.3796875 0.0171875 0.3796875 0.0015625
0 0 0.021875 0.003125 0.025 0.0046875 0.0328125 0.0046875 0.0609375 0 0.0609375 0 0.0234375
0 0.4015625 0 0.4171875 0 0.415625 0.0109375 0.403125 0.0109375 0.4015625 0.0015625
0 0.453125 0 0.4734375 0 0.475 0.0046875 0.475 0.0109375 0.4703125 0.0203125 0.4625 0.01875 0.453125 0.0234375 0.4515625 0.0203125 0.4515625 0.003125 0.453125 0.0015625
0 0.33125 0.215625 0.3421875 0.2203125 0.3453125 0.2296875 0.35 0.234375 0.35 0.2515625 0.353125 0.2625 0.353125 0.3109375 0.3515625 0.3140625 0.3484375 0.315625 0.34375 0.30625 0.334375 0.3 0.31875 0.3015625 0.3125 0.3078125 0.309375 0.3171875 0.30625 0.315625 0.303125 0.30625 0.3 0.2796875 0.3 0.234375 0.3046875 0.234375 0.309375 0.2296875 0.3109375 0.21875 0.3296875 0.2171875
0 0.0265625 0.2828125 0.04375 0.2984375 0.0375 0.3078125 0.0421875 0.334375 0.0421875 0.3734375 0.0390625 0.3796875 0.0359375 0.3796875 0.034375 0.375 0.0265625 0.3703125 0 0.371875 0 0.2859375 0.0109375 0.2828125 0.025 0.2828125
0 0.4671875 0.059375 0.475 0.0640625 0.4796875 0.0953125 0.4765625 0.0984375 0.4703125 0.0984375 0.465625 0.1015625 0.45625 0.1171875 0.4515625 0.115625 0.4453125 0.1046875 0.446875 0.071875 0.453125 0.059375 0.4625 0.0578125 0.465625 0.059375
0 0.51875 0.203125 0.5296875 0.2125 0.5375 0.23125 0.5375 0.2359375 0.5421875 0.240625 0.5390625 0.2484375 0.5421875 0.2671875 0.5421875 0.284375 0.540625 0.29375 0.5359375 0.296875 0.5203125 0.2921875 0.5015625 0.29375 0.4921875 0.2765625 0.4921875 0.240625 0.5 0.20625 0.5171875 0.203125
0 0.48125 0.0109375 0.490625 0.0140625 0.4984375 0.0265625 0.4984375 0.0484375 0.496875 0.05 0.478125 0.0484375 0.478125 0.0390625 0.4734375 0.01875 0.475 0.0140625 0.4796875 0.0109375
0 0.559375 0.2796875 0.55 0.2609375 0.55 0.228125 0.5578125 0.20625 0.5671875 0.203125 0.5765625 0.2046875 0.5875 0.2171875 0.596875 0.25 0.596875 0.2828125 0.590625 0.284375 0.58125 0.2765625 0.5703125 0.2765625 0.565625 0.2796875 0.5609375 0.2796875