3 0.59375 0.13125 0.6109375 0.1296875 0.6203125 0.134375 0.61875 0.16875 0.6125 0.2 0.6203125 0.2203125 0.61875 0.2484375 0.6234375 0.26875 0.6234375 0.309375 0.625 0.3109375 0.6234375 0.3453125 0.6203125 0.3515625 0.60625 0.3546875 0.59375 0.3546875 0.5890625 0.3515625 0.590625 0.3125 0.5921875 0.3109375 0.590625 0.2953125 0.5921875 0.1578125 0.590625 0.146875 0.59375 0.1328125
3 0.55625 0.1859375 0.5640625 0.1890625 0.5671875 0.2046875 0.5671875 0.2453125 0.565625 0.246875 0.565625 0.3203125 0.5671875 0.321875 0.5640625 0.325 0.5578125 0.321875 0.5484375 0.321875 0.5453125 0.2984375 0.54375 0.196875 0.546875 0.1875 0.5546875 0.1859375
0 0.9421875 0.409375 0.06953125 0.05546875
0 0.5953125 0.8921875 0.60625 0.8921875 0.6109375 0.896875 0.6140625 0.9125 0.6125 0.9921875 0.6078125 0.9984375 0.59375 0.9984375 0.5921875 0.996875 0.5921875 0.8984375 0.5953125 0.89375
0 0.9640625 0.7015625 0.9703125 0.71875 0.971875 0.775 0.9734375 0.7765625 0.9734375 0.8171875 0.971875 0.821875 0.965625 0.828125 0.95625 0.828125 0.9484375 0.8234375 0.946875 0.81875 0.946875 0.8046875 0.94375 0.7890625 0.94375 0.75 0.9421875 0.7484375 0.94375 0.7046875 0.946875 0.7 0.9625 0.7015625
0 0.775 0.5 0.78125 0.503125 0.7859375 0.515625 0.7859375 0.534375 0.7828125 0.54375 0.7703125 0.5484375 0.7375 0.546875 0.7296875 0.54375 0.7265625 0.5390625 0.7265625 0.5078125 0.7296875 0.503125 0.7375 0.5 0.7734375 0.5
0 0.9171875 0.76875 0.0328125 0.1234375
0 0.2265625 0.425 0.2296875 0.4328125 0.228125 0.446875 0.2390625 0.4546875 0.2390625 0.4609375 0.2328125 0.4640625 0.203125 0.4625 0.1921875 0.465625 0.184375 0.4640625 0.184375 0.4625 0.1890625 0.4578125 0.1953125 0.4375 0.1984375 0.4359375 0.203125 0.4265625 0.2046875 0.425 0.225 0.425
0 0.8796875 0.0703125 0.8859375 0.08125 0.8875 0.1328125 0.8890625 0.134375 0.8875 0.1359375 0.8890625 0.1390625 0.8890625 0.175 0.8796875 0.184375 0.86875 0.184375 0.865625 0.1765625 0.8625 0.1453125 0.8625 0.090625 0.8609375 0.0890625 0.8625 0.0765625 0.86875 0.071875 0.878125 0.0703125
0 0.7921875 0.7265625 0.8 0.725 0.809375 0.73125 0.8140625 0.75625 0.8125 0.81875 0.809375 0.8234375 0.79375 0.821875 0.790625 0.80625 0.790625 0.76875 0.7875 0.75 0.7875 0.734375 0.7921875 0.728125
0 0.55859375 0.74921875 0.025 0.1234375
0 0.2921875 0.5078125 0.296875 0.5125 0.2984375 0.5359375 0.296875 0.5421875 0.2890625 0.5484375 0.2515625 0.5484375 0.25 0.546875 0.25 0.5171875 0.25625 0.5140625 0.2734375 0.5125 0.2796875 0.5078125 0.290625 0.5078125
0 0.925 0.49375 0.928125 0.4953125 0.9328125 0.5046875 0.9328125 0.53125 0.9265625 0.540625 0.9109375 0.54375 0.878125 0.54375 0.8734375 0.540625 0.8703125 0.53125 0.871875 0.5015625 0.88125 0.4953125 0.9234375 0.49375
0 0.9984375 0.7125 0.9984375 0.8296875 0.99375 0.828125 0.9890625 0.8203125 0.9875 0.7671875 0.9859375 0.765625 0.9859375 0.746875 0.9875 0.7453125 0.9859375 0.7265625 0.990625 0.7140625 0.996875 0.7125
0 0.45625 0.446875 0.4546875 0.434375 0.45625 0.378125 0.453125 0.35 0.4546875 0.3390625 0.4625 0.33125 0.4703125 0.33125 0.4765625 0.3421875 0.4765625 0.4359375 0.4734375 0.4484375 0.4578125 0.446875
0 0.996875 0.49375 0.9984375 0.4953125 0.9984375 0.540625 0.9953125 0.5421875 0.9921875 0.540625 0.9796875 0.5421875 0.9578125 0.540625 0.9515625 0.5359375 0.95 0.5265625 0.95 0.5125 0.953125 0.5 0.959375 0.496875 0.9953125 0.49375
0 0.865625 0.725 0.8765625 0.7171875 0.8890625 0.71875 0.8921875 0.7265625 0.896875 0.7625 0.89375 0.8203125 0.8875 0.8265625 0.8765625 0.8265625 0.871875 0.8234375 0.86875 0.815625 0.865625 0.7265625
0 0.84375 0.7109375 0.8484375 0.715625 0.8515625 0.7328125 0.8546875 0.80625 0.8515625 0.8328125 0.85 0.8359375 0.8421875 0.8390625 0.8359375 0.8375 0.83125 0.828125 0.828125 0.80625 0.8296875 0.7828125 0.8265625 0.7546875 0.8234375 0.746875 0.8234375 0.73125 0.828125 0.715625 0.834375 0.7109375 0.8421875 0.7109375
0 0.765625 0.35234375 0.05078125 0.0484375
0 0.8328125 0.4125 0.834375 0.4140625 0.840625 0.4125 0.85 0.4140625 0.859375 0.4234375 0.8609375 0.446875 0.8515625 0.4609375 0.809375 0.459375 0.803125 0.45625 0.8 0.45 0.8015625 0.41875 0.8109375 0.4140625 0.83125 0.4125
0 0.8453125 0.4984375 0.8515625 0.5015625 0.853125 0.53125 0.8484375 0.540625 0.840625 0.5421875 0.796875 0.5421875 0.790625 0.5328125 0.790625 0.50625 0.7953125 0.5 0.84375 0.4984375