0 0.1296875 0.4203125 0.13125 0.421875 0.1296875 0.446875 0.140625 0.4546875 0.140625 0.4640625 0.13125 0.4640625 0.1265625 0.4609375 0.125 0.4625 0.1109375 0.4609375 0.1015625 0.4484375 0.090625 0.4484375 0.0875 0.44375 0.0890625 0.425 0.0921875 0.421875 0.10625 0.41875 0.128125 0.4203125
0 0.9140625 0.4046875 0.91875 0.409375 0.9203125 0.415625 0.9203125 0.4390625 0.91875 0.44375 0.9109375 0.4484375 0.9046875 0.446875 0.8703125 0.4484375 0.8640625 0.4359375 0.8640625 0.4203125 0.865625 0.4125 0.8703125 0.4078125 0.9015625 0.4078125 0.9125 0.4046875
0 0.9609375 0.7078125 0.965625 0.7125 0.96875 0.725 0.9703125 0.765625 0.971875 0.7671875 0.971875 0.8234375 0.9671875 0.834375 0.9640625 0.8359375 0.953125 0.8359375 0.9453125 0.8265625 0.9453125 0.8046875 0.9421875 0.7921875 0.9421875 0.753125 0.9390625 0.7421875 0.9421875 0.7109375 0.946875 0.70625 0.959375 0.7078125
0 0.7765625 0.5078125 0.7828125 0.5125 0.784375 0.51875 0.784375 0.540625 0.7828125 0.5484375 0.775 0.553125 0.7359375 0.553125 0.728125 0.55 0.725 0.5453125 0.725 0.5140625 0.7296875 0.509375 0.775 0.5078125
0 0.8765625 0.075 0.88125 0.078125 0.884375 0.0875 0.8859375 0.1375 0.8875 0.1390625 0.8875 0.18125 0.878125 0.190625 0.865625 0.1890625 0.8625 0.178125 0.8625 0.1578125 0.8609375 0.15625 0.8609375 0.0828125 0.8640625 0.078125 0.875 0.075
0 0.8796875 0.77890625 0.03203125 0.1140625
0 0.9953125 0.5 0.9984375 0.503125 0.9984375 0.5484375 0.95625 0.5484375 0.9515625 0.5453125 0.9484375 0.534375 0.9484375 0.51875 0.95 0.509375 0.953125 0.5046875 0.9625 0.5015625 0.99375 0.5
0 0.7875 0.803125 0.7890625 0.8015625 0.7890625 0.775 0.7859375 0.7421875 0.7875 0.7375 0.7921875 0.734375 0.803125 0.734375 0.809375 0.74375 0.8125 0.765625 0.8125 0.78125 0.8140625 0.7828125 0.8125 0.8203125 0.8109375 0.8265625 0.80625 0.83125 0.79375 0.8296875 0.790625 0.8234375 0.7890625 0.8046875
0 0.8390625 0.7171875 0.8453125 0.7203125 0.8484375 0.725 0.8515625 0.7515625 0.8515625 0.7796875 0.853125 0.78125 0.853125 0.8234375 0.8515625 0.8328125 0.8453125 0.8453125 0.8375 0.84375 0.83125 0.8359375 0.8265625 0.8046875 0.828125 0.784375 0.8265625 0.7828125 0.8265625 0.759375 0.8234375 0.753125 0.8234375 0.7375 0.828125 0.721875 0.8328125 0.7171875 0.8375 0.7171875
0 0.271875 0.534375 0.05 0.04140625
0 0.9015625 0.52578125 0.06484375 0.0515625
0 0.996875 0.71875 0.9984375 0.7203125 0.9984375 0.8359375 0.990625 0.834375 0.9875 0.8234375 0.9875 0.778125 0.9859375 0.7765625 0.9875 0.7734375 0.9859375 0.73125 0.9875 0.725 0.9953125 0.71875
0 0.221875 0.4328125 0.2265625 0.4390625 0.228125 0.4546875 0.2390625 0.459375 0.2390625 0.4671875 0.2375 0.4703125 0.2328125 0.471875 0.21875 0.46875 0.2046875 0.46875 0.1984375 0.471875 0.184375 0.4703125 0.1921875 0.45625 0.1921875 0.4515625 0.1984375 0.4375 0.203125 0.4328125 0.2203125 0.4328125
0 0.9953125 0.434375 0.9984375 0.4359375 0.9984375 0.478125 0.9890625 0.4796875 0.9765625 0.478125 0.96875 0.4734375 0.9671875 0.4421875 0.9703125 0.4375 0.9796875 0.434375 0.99375 0.434375
0 0.921875 0.715625 0.928125 0.725 0.928125 0.7578125 0.9296875 0.759375 0.9296875 0.821875 0.9265625 0.8328125 0.921875 0.8359375 0.9078125 0.8359375 0.903125 0.8296875 0.9015625 0.7921875 0.9 0.790625 0.9015625 0.721875 0.903125 0.7171875 0.9078125 0.7140625 0.9203125 0.715625
0 0.76328125 0.35859375 0.0484375 0.046875
0 0.8125 0.5046875 0.8171875 0.50625 0.8375 0.503125 0.8453125 0.5046875 0.8484375 0.5078125 0.85 0.5109375 0.85 0.54375 0.8453125 0.5484375 0.79375 0.5484375 0.7921875 0.546875 0.7890625 0.5390625 0.790625 0.5109375 0.7953125 0.50625 0.8109375 0.5046875